1.0000000000 0.0000000000 0.0000000000 0.0000000000 0.0000000000 1.0000000000 0.0000000000 0.0000000000 0.0000000000 0.0000000000 1.0000000000 0.0000000000
0.9999999700 -0.0001634169 -0.0001824747 0.0052567872 0.0001634245 0.9999999858 0.0000416660 0.0052040830 0.0001824679 -0.0000416959 0.9999999825 0.0000160067
1.0000000000 0.0000007343 -0.0000055515 -0.0041510734 -0.0000007348 0.9999999960 -0.0000895218 -0.0001176096 0.0000055514 0.0000895218 0.9999999960 -0.0009193738
0.9999999874 -0.0001586546 -0.0000038019 -0.0051148137 0.0001586551 0.9999999773 0.0001419624 -0.0006583478 0.0000037794 -0.0001419630 0.9999999899 0.0132309988
0.9999999996 -0.0000261779 0.0000071533 -0.0071964316 0.0000261772 0.9999999950 0.0000961627 -0.0001576997 -0.0000071558 -0.0000961625 0.9999999954 0.0071257753
0.9999999986 -0.0000438728 -0.0000306411 -0.0094302822 0.0000438778 0.9999999858 0.0001628208 0.0001922686 0.0000306339 -0.0001628221 0.9999999863 0.0063982738
0.9999999933 -0.0001076835 -0.0000415390 -0.0099524364 0.0001076931 0.9999999673 0.0002318064 0.0058830365 0.0000415141 -0.0002318109 0.9999999723 0.0055558030
0.9999999968 0.0000447248 -0.0000658298 -0.0119902535 -0.0000447219 0.9999999980 0.0000439825 0.0013154862 0.0000658318 -0.0000439796 0.9999999969 0.0059698012
0.9999999880 0.0000039580 -0.0001550565 -0.0149953460 -0.0000039465 0.9999999972 0.0000745100 0.0024324063 0.0001550568 -0.0000745094 0.9999999852 0.0023399234
0.9999999867 -0.0001523836 -0.0000580829 -0.0140892751 0.0001523957 0.9999999665 0.0002091771 0.0002187874 0.0000580510 -0.0002091859 0.9999999764 0.0066033094
0.9999999999 -0.0000148550 -0.0000015902 -0.0131909348 0.0000148550 0.9999999997 0.0000216325 0.0034159976 0.0000015899 -0.0000216325 0.9999999998 0.0055463918
0.9999999923 -0.0001014994 -0.0000712433 -0.0073541493 0.0001015041 0.9999999926 0.0000664395 -0.0032540532 0.0000712365 -0.0000664467 0.9999999953 0.0030225002
0.9999999972 0.0000638302 0.0000385175 -0.0083082067 -0.0000638336 0.9999999942 0.0000865700 0.0045329036 -0.0000385120 -0.0000865724 0.9999999955 0.0105998303
0.9999999868 -0.0000224527 -0.0001611537 -0.0132013499 0.0000224737 0.9999999913 0.0001302514 0.0028922972 0.0001611507 -0.0001302550 0.9999999785 0.0060160344
0.9999999964 -0.0000475314 -0.0000702493 -0.0090425980 0.0000475387 0.9999999934 0.0001047296 0.0062979523 0.0000702443 -0.0001047329 0.9999999920 0.0046510454
0.9999999981 0.0000446310 -0.0000420786 -0.0221711906 -0.0000446249 0.9999999882 0.0001467687 -0.0011149146 0.0000420851 -0.0001467668 0.9999999883 0.0028137543
0.9999999790 -0.0001563673 -0.0001324006 -0.0122112280 0.0001563947 0.9999999664 0.0002068876 0.0054985913 0.0001323682 -0.0002069083 0.9999999698 0.0049084810
0.9999999976 0.0000615092 0.0000303345 -0.0072545225 -0.0000615110 0.9999999964 0.0000578423 0.0050462013 -0.0000303309 -0.0000578441 0.9999999979 0.0020694641
0.9999999988 -0.0000476673 0.0000080154 -0.0076507752 0.0000476665 0.9999999941 0.0000977526 0.0079961850 -0.0000080201 -0.0000977522 0.9999999952 0.0046298853
0.9999999948 -0.0000672084 -0.0000772054 -0.0132004676 0.0000672148 0.9999999942 0.0000836208 0.0068791976 0.0000771998 -0.0000836260 0.9999999935 0.0205445062
0.9999999850 -0.0001198211 0.0001250569 -0.0014665104 0.0001198476 0.9999999704 -0.0002115564 0.0051516088 -0.0001250315 0.0002115714 0.9999999698 0.0092759791
0.9999999802 -0.0000894844 0.0001776740 -0.0052820133 0.0000894834 0.9999999960 0.0000055624 0.0030764392 -0.0001776745 -0.0000055465 0.9999999842 0.0137207431
0.9999999951 -0.0000656130 0.0000747781 0.0107532278 0.0000656059 0.9999999933 0.0000952019 0.0033059493 -0.0000747843 -0.0000951970 0.9999999927 0.0077872024
0.9999999723 0.0001437471 0.0001865348 0.0031096730 -0.0001437362 0.9999999880 -0.0000582448 0.0029573528 -0.0001865432 0.0000582180 0.9999999809 0.0180980580
0.9999999813 -0.0001928800 -0.0000100375 0.0077943450 0.0001928806 0.9999999798 0.0000562972 0.0052018338 0.0000100267 -0.0000562992 0.9999999984 0.0129963074
0.9999999793 -0.0000106007 0.0002033208 0.0019103803 0.0000105921 0.9999999990 0.0000423173 -0.0002746665 -0.0002033213 -0.0000423152 0.9999999784 0.0137067597
0.9999999970 -0.0000757381 0.0000150733 0.0063977136 0.0000757360 0.9999999875 0.0001385726 -0.0010144875 -0.0000150838 -0.0001385715 0.9999999903 0.0131019038
0.9999999891 -0.0000649932 0.0001322093 0.0058119560 0.0000649792 0.9999999923 0.0001058559 0.0068491436 -0.0001322162 -0.0001058473 0.9999999857 0.0137859970
0.9999999925 -0.0000393314 0.0001161517 0.0024412309 0.0000393266 0.9999999984 0.0000409909 0.0062627455 -0.0001161533 -0.0000409864 0.9999999924 0.0094249128
0.9999999904 -0.0001143751 0.0000782597 0.0020309962 0.0001143630 0.9999999814 0.0001550160 0.0017237592 -0.0000782774 -0.0001550070 0.9999999849 0.0147218204
0.9999999997 0.0000228911 0.0000053483 0.0020882353 -0.0000228908 0.9999999979 -0.0000606438 -0.0013097986 -0.0000053497 0.0000606437 0.9999999981 0.0151985368
0.9999999972 -0.0000711792 -0.0000216415 0.0116337442 0.0000711791 0.9999999975 -0.0000040020 0.0008352444 0.0000216417 0.0000040005 0.9999999998 0.0057812526
0.9999999910 0.0000764987 0.0001102922 0.0053932667 -0.0000765143 0.9999999871 0.0001415115 0.0072199296 -0.0001102814 -0.0001415199 0.9999999839 0.0139534809
0.9999999936 -0.0001110919 0.0000229930 0.0035859652 0.0001110910 0.9999999930 0.0000399690 0.0035188019 -0.0000229974 -0.0000399665 0.9999999989 0.0132073957
0.9999999965 -0.0000619145 -0.0000567363 0.0062871629 0.0000619196 0.9999999940 0.0000900043 0.0020268040 0.0000567307 -0.0000900078 0.9999999943 0.0092086702
0.9999999836 0.0000421467 0.0001762381 0.0044149865 -0.0000421681 0.9999999917 0.0001214866 0.0038606376 -0.0001762330 -0.0001214941 0.9999999771 0.0141578209
0.9999999971 -0.0000757060 0.0000088854 0.0040465718 0.0000757062 0.9999999968 -0.0000250275 0.0043491273 -0.0000088836 0.0000250282 0.9999999996 0.0102811051
0.9999999878 -0.0000145809 0.0001554043 0.0007319337 0.0000145681 0.9999999965 0.0000828795 0.0035276892 -0.0001554055 -0.0000828772 0.9999999845 0.0182703311
0.9999999928 -0.0000782650 0.0000911265 0.0084410288 0.0000782759 0.9999999897 -0.0001198922 0.0033111615 -0.0000911172 0.0001198993 0.9999999887 0.0147906370
0.9999999671 0.0000491108 0.0002519327 0.0055977841 -0.0000490817 0.9999999921 -0.0001155388 -0.0053944661 -0.0002519384 0.0001155264 0.9999999616 0.0115017581
0.9999999982 -0.0000112905 0.0000585621 0.0095586441 0.0000112924 0.9999999994 -0.0000327182 0.0028214955 -0.0000585617 0.0000327189 0.9999999978 0.0045766460
0.9999999997 -0.0000142234 0.0000219406 0.0042882391 0.0000142202 0.9999999896 0.0001436062 0.0017767143 -0.0000219426 -0.0001436059 0.9999999894 0.0058631968
0.9999999871 -0.0001041992 0.0001226371 0.0010848881 0.0001041765 0.9999999774 0.0001852204 0.0015363809 -0.0001226564 -0.0001852076 0.9999999753 0.0064790889
0.9999999814 -0.0000582178 0.0001838516 -0.0009501557 0.0000582082 0.9999999969 0.0000523753 0.0016483488 -0.0001838546 -0.0000523646 0.9999999817 0.0084580805
0.9999999839 -0.0000429249 0.0001740874 -0.0018419226 0.0000428979 0.9999999871 0.0001546153 0.0008891586 -0.0001740940 -0.0001546078 0.9999999729 0.0083234210
0.9999999850 -0.0000862263 0.0001502108 -0.0037437500 0.0000862032 0.9999999845 0.0001536942 0.0006126031 -0.0001502241 -0.0001536813 0.9999999769 0.0070302262
0.9999999795 -0.0000805523 0.0001856471 -0.0053128591 0.0000805200 0.9999999817 0.0001737455 0.0005793056 -0.0001856611 -0.0001737306 0.9999999677 0.0065840667
0.9999999896 -0.0000558694 0.0001328017 -0.0041190573 0.0000558359 0.9999999666 0.0002522197 -0.0013635998 -0.0001328157 -0.0002522123 0.9999999594 0.0074211297
0.9999999869 -0.0000535887 0.0001524695 -0.0063950778 0.0000535601 0.9999999810 0.0001873566 0.0006023849 -0.0001524795 -0.0001873484 0.9999999708 0.0090121260
0.9999999814 -0.0000614547 0.0001827288 -0.0056216333 0.0000614233 0.9999999833 0.0001718359 0.0004052401 -0.0001827394 -0.0001718247 0.9999999685 0.0078777829
0.9999999988 -0.0000491102 0.0000054940 -0.0054893350 0.0000491096 0.9999999915 0.0001210531 0.0021484813 -0.0000055000 -0.0001210529 0.9999999927 0.0096993422
0.9999999981 -0.0000516174 0.0000328400 -0.0056959981 0.0000516095 0.9999999698 0.0002403626 0.0007502927 -0.0000328524 -0.0002403609 0.9999999706 0.0082475525
0.9999999923 -0.0000073424 0.0001238625 -0.0055981538 0.0000073329 0.9999999970 0.0000767056 0.0032642684 -0.0001238631 -0.0000767047 0.9999999894 0.0077362978
0.9999999924 -0.0000292474 0.0001200027 -0.0054303078 0.0000292504 0.9999999993 -0.0000253191 0.0038090968 -0.0001200020 0.0000253226 0.9999999925 0.0074711457
0.9999999858 -0.0000374125 0.0001644897 -0.0070037455 0.0000373850 0.9999999852 0.0001676865 0.0010915380 -0.0001644960 -0.0001676803 0.9999999724 0.0089760189
0.9999999931 -0.0000036586 0.0001170413 -0.0073840083 0.0000036463 0.9999999945 0.0001049097 0.0019703728 -0.0001170417 -0.0001049093 0.9999999876 0.0072656520
0.9999999838 -0.0000181440 0.0001791173 -0.0077183686 0.0000181160 0.9999999876 0.0001563302 0.0003101531 -0.0001791201 -0.0001563269 0.9999999717 0.0079225308
0.9999999994 -0.0000254966 -0.0000242204 -0.0070187996 0.0000254990 0.9999999949 0.0000973037 0.0007040108 0.0000242179 -0.0000973043 0.9999999950 0.0097073813
0.9999999950 0.0000281714 0.0000956687 -0.0077906598 -0.0000281759 0.9999999985 0.0000475640 0.0019528754 -0.0000956674 -0.0000475667 0.9999999943 0.0095817047
0.9999999823 -0.0000737904 0.0001732147 -0.0071919935 0.0000737673 0.9999999884 0.0001334564 0.0006624596 -0.0001732245 -0.0001334436 0.9999999761 0.0087363951
0.9999999864 -0.0000260823 0.0001631108 -0.0093301019 0.0000260671 0.9999999953 0.0000934993 0.0020361585 -0.0001631132 -0.0000934951 0.9999999823 0.0082963621
0.9999999919 -0.0000800297 0.0000991489 -0.0078958704 0.0000800199 0.9999999919 0.0000987000 0.0020009764 -0.0000991568 -0.0000986921 0.9999999902 0.0102583216
0.9999999945 -0.0000222933 0.0001028360 -0.0093424899 0.0000222725 0.9999999791 0.0002030818 -0.0008248511 -0.0001028405 -0.0002030795 0.9999999741 0.0100472378
0.9999999894 -0.0000166516 0.0001444281 -0.0074597364 0.0000166567 0.9999999992 -0.0000353478 0.0031827888 -0.0001444275 0.0000353502 0.9999999889 0.0100225274
0.9999999598 -0.0001391273 0.0002469471 -0.0098339285 0.0001392434 0.9999998798 -0.0004701349 0.0099452725 -0.0002468817 0.0004701693 0.9999998590 0.0081037041
0.9999999277 -0.0002511228 0.0002856299 -0.0092485964 0.0002513808 0.9999995599 -0.0009038810 0.0228472566 -0.0002854028 0.0009039528 0.9999995507 0.0052422825
0.9999999222 -0.0002499107 0.0003052483 -0.0082374403 0.0002502518 0.9999993437 -0.0011180520 0.0365199374 -0.0003049687 0.0011181283 0.9999993284 0.0036201668
0.9999999421 -0.0003159025 0.0001261958 -0.0067306995 0.0003160390 0.9999993633 -0.0010832502 0.0488336198 -0.0001258535 0.0010832900 0.9999994053 0.0057560448
0.9999999787 -0.0002031142 0.0000362088 -0.0058519547 0.0002031586 0.9999992217 -0.0012309582 0.0658382984 -0.0000359587 0.0012309655 0.9999992417 0.0054604719
0.9999999653 -0.0002548550 0.0000672815 -0.0061594467 0.0002549634 0.9999986607 -0.0016166808 0.0912333308 -0.0000668694 0.0016166979 0.9999986909 0.0045859824
0.9999999033 -0.0004391879 -0.0000211841 -0.0060922054 0.0004391526 0.9999985611 -0.0016385708 0.1175752615 0.0000219037 0.0016385613 0.9999986573 0.0038257776
0.9999999273 -0.0003796240 -0.0000354235 -0.0052400674 0.0003795685 0.9999987208 -0.0015538236 0.1475369425 0.0000360134 0.0015538101 0.9999987922 0.0036405855
0.9999998891 -0.0004137042 -0.0002251817 -0.0027681788 0.0004132971 0.9999982856 -0.0018049941 0.1855372476 0.0002259281 0.0018049008 0.9999983456 0.0034449814
0.9999999277 -0.0003512378 -0.0001458116 -0.0038483991 0.0003510113 0.9999987361 -0.0015506579 0.2195064229 0.0001463561 0.0015506066 0.9999987871 0.0006673457
0.9999999515 -0.0003100885 -0.0000302504 -0.0002107442 0.0003100419 0.9999987831 -0.0015289227 0.2615847286 0.0000307244 0.0015289132 0.9999988307 -0.0007753397
0.9999999916 -0.0000814685 -0.0001003223 0.0040112157 0.0000813283 0.9999990217 -0.0013964528 0.3042900240 0.0001004360 0.0013964447 0.9999990199 -0.0022930286
0.9999999929 0.0000146910 -0.0001179569 0.0072679301 -0.0000148762 0.9999987670 -0.0015702492 0.3550187673 0.0001179336 0.0015702510 0.9999987602 -0.0065984493
0.9999999811 -0.0001865525 0.0000554355 0.0098758780 0.0001866452 0.9999985763 -0.0016770965 0.4153055355 -0.0000551226 0.0016771068 0.9999985921 -0.0106574899
0.9999999962 0.0000410072 0.0000769304 0.0154760117 -0.0000408746 0.9999985139 -0.0017235345 0.4819939094 -0.0000770010 0.0017235313 0.9999985118 -0.0135407090
0.9999999474 0.0002760429 0.0001702746 0.0195883791 -0.0002757223 0.9999981949 -0.0018799283 0.5669861894 -0.0001707932 0.0018798812 0.9999982184 -0.0158238812
0.9999999943 0.0000343591 0.0001011718 0.0263528718 -0.0000341499 0.9999978624 -0.0020673822 0.6624424592 -0.0001012427 0.0020673788 0.9999978578 -0.0213226261
0.9999999822 0.0000334868 0.0001855192 0.0308640859 -0.0000330725 0.9999975063 -0.0022329887 0.7702861885 -0.0001855935 0.0022329825 0.9999974897 -0.0231185904
0.9999998334 0.0005337084 0.0002199309 0.0421038070 -0.0005331438 0.9999965832 -0.0025591682 0.8941803887 -0.0002212960 0.0025590505 0.9999967011 -0.0253780550
0.9999994812 0.0009938886 0.0002233458 0.0438893511 -0.0009933246 0.9999963529 -0.0025114910 1.0299504206 -0.0002258411 0.0025112679 0.9999968213 -0.0264464464
0.9999998942 0.0004459165 0.0001125132 0.0526667147 -0.0004456195 0.9999964535 -0.0026257306 1.1743963555 -0.0001136836 0.0026256802 0.9999965464 -0.0293668441
0.9999996176 0.0007698013 0.0004149706 0.0596410670 -0.0007685909 0.9999954730 -0.0029091549 1.3318422456 -0.0004172081 0.0029088349 0.9999956823 -0.0328400732
0.9999988273 0.0015066566 0.0002745473 0.0720964607 -0.0015056983 0.9999928888 -0.0034576441 1.4991555783 -0.0002797548 0.0034572267 0.9999939846 -0.0419544706
0.9999986221 0.0015749413 0.0005248253 0.0836504838 -0.0015729563 0.9999916889 -0.0037613824 1.6804466128 -0.0005307449 0.0037605517 0.9999927883 -0.0439993413
0.9999986946 0.0015323575 0.0005124460 0.0869912618 -0.0015301808 0.9999899188 -0.0042214674 1.8727643601 -0.0005189096 0.0042206778 0.9999909583 -0.0503232104
0.9999985746 0.0016351751 0.0004206794 0.0891330736 -0.0016332193 0.9999880483 -0.0046082316 2.0681828917 -0.0004282096 0.0046075380 0.9999892936 -0.0506500883
0.9999985236 0.0017037340 0.0002239902 0.0952172828 -0.0017025663 0.9999854733 -0.0051141417 2.2705603750 -0.0002327000 0.0051137528 0.9999868976 -0.0524947917
0.9999976515 0.0021491194 0.0002798797 0.1043110104 -0.0021474842 0.9999813489 -0.0057175355 2.4927017934 -0.0002921621 0.0057169211 0.9999836156 -0.0545719186
0.9999964927 0.0026288269 0.0003222236 0.1130517025 -0.0026269062 0.9999795962 -0.0058229388 2.7296959418 -0.0003375245 0.0058220720 0.9999829946 -0.0637801026
0.9999957868 0.0028952086 -0.0002099926 0.1185536281 -0.0028964598 0.9999764283 -0.0062252215 2.9746526267 0.0001919644 0.0062258035 0.9999806011 -0.0599047886
0.9999940418 0.0034509378 0.0000859617 0.1335981471 -0.0034502594 0.9999700429 -0.0069288604 3.2424370694 -0.0001098702 0.0069285225 0.9999759915 -0.0664197465
0.9999921242 0.0039088938 0.0006870990 0.1511652839 -0.0039039638 0.9999676285 -0.0070357020 3.5057274227 -0.0007145786 0.0070329642 0.9999750131 -0.0819417489
0.9999871867 0.0049676032 0.0009743395 0.1759702416 -0.0049605304 0.9999622641 -0.0071318622 3.7829660487 -0.0010097310 0.0071269375 0.9999740933 -0.0866182250
0.9999853567 0.0052761259 0.0012036977 0.1936537487 -0.0052662279 0.9999534643 -0.0080830721 4.0836665714 -0.0012462890 0.0080766148 0.9999666070 -0.0888892356
0.9999818713 0.0058370590 0.0014784577 0.2089975910 -0.0058235694 0.9999428136 -0.0089697037 4.3857881783 -0.0015307299 0.0089609312 0.9999586784 -0.0956193240
0.9999730033 0.0072355595 0.0012803734 0.2235446946 -0.0072234995 0.9999317202 -0.0091856436 4.7039871175 -0.0013467492 0.0091761469 0.9999569914 -0.1001800040
0.9999709911 0.0075621995 0.0009110493 0.2311482614 -0.0075535008 0.9999291466 -0.0092003452 5.0517676491 -0.0009805596 0.0091931967 0.9999572609 -0.0862245984
0.9999643242 0.0084103074 0.0007855203 0.2502533561 -0.0084027433 0.9999225429 -0.0091816197 5.3897546359 -0.0008626797 0.0091746916 0.9999575395 -0.0875994177
0.9999505382 0.0099325058 0.0005161984 0.2661201656 -0.0099272552 0.9999071397 -0.0093360355 5.7387273032 -0.0006088807 0.0093304493 0.9999562850 -0.0771184257
0.9999397096 0.0109051978 0.0012860240 0.2897403445 -0.0108925311 0.9998957702 -0.0094763662 6.0880785803 -0.0013892316 0.0094617868 0.9999542713 -0.0891790017
0.9999208713 0.0125090210 0.0013324739 0.3104448025 -0.0124961871 0.9998792274 -0.0092399082 6.4499309502 -0.0014478951 0.0092225262 0.9999564234 -0.0977678513
0.9998921264 0.0146687692 0.0007502297 0.3263493100 -0.0146618102 0.9998558247 -0.0085651120 6.8214520138 -0.0008757612 0.0085531883 0.9999630373 -0.0809375316
0.9998587351 0.0168040839 0.0003642808 0.3443902554 -0.0168003524 0.9998222357 -0.0085583348 7.1964792981 -0.0005080311 0.0085510057 0.9999633104 -0.0791110421
0.9998093535 0.0195251225 0.0001618418 0.3593670081 -0.0195230430 0.9997733008 -0.0084969278 7.5772503671 -0.0003277087 0.0084921482 0.9999638874 -0.0701438773
0.9997520387 0.0222656898 0.0003166459 0.3914498035 -0.0222620530 0.9997136118 -0.0087803997 7.9687474630 -0.0005120568 0.0087711733 0.9999614014 -0.0755091090
0.9996957971 0.0246521335 0.0007652825 0.4212521872 -0.0246443769 0.9996568577 -0.0088781529 8.3680884857 -0.0009838853 0.0088565922 0.9999602956 -0.0750881211
0.9996367111 0.0269445483 0.0006611025 0.4514234790 -0.0269368842 0.9995901569 -0.0096913574 8.7755206165 -0.0009219608 0.0096700286 0.9999528192 -0.0857213677
0.9995609743 0.0296276479 0.0002473780 0.4745095992 -0.0296237142 0.9995114560 -0.0099641779 9.1901191413 -0.0005424723 0.0099524751 0.9999503257 -0.0803686547
0.9994969602 0.0317099802 -0.0005510904 0.4940218989 -0.0317139500 0.9994451076 -0.0101834292 9.6042812439 0.0002278683 0.0101957838 0.9999479957 -0.0682961736
0.9994263357 0.0338657133 -0.0003359886 0.5141704055 -0.0338673795 0.9993755162 -0.0100786008 10.0108877825 -0.0000055402 0.0100841981 0.9999491532 -0.0704708497
0.9993556622 0.0358804027 -0.0009258116 0.5491808798 -0.0358877696 0.9993076469 -0.0098129957 10.4266828093 0.0005730764 0.0098398982 0.9999514228 -0.0579788327
0.9993163992 0.0369637191 -0.0006463754 0.5830442863 -0.0369683998 0.9992640982 -0.0102273902 10.8162405581 0.0002678573 0.0102442942 0.9999474900 -0.0739638471
0.9992900829 0.0376731308 -0.0002557796 0.6151442174 -0.0376737103 0.9992328071 -0.0106999469 11.2244340868 -0.0001475171 0.0107019870 0.9999427212 -0.0843009455
0.9992717033 0.0381582779 -0.0000940737 0.6405637361 -0.0381569701 0.9992100849 -0.0111018854 11.6257231767 -0.0003296294 0.0110973895 0.9999383677 -0.0860817245
0.9992744661 0.0380820209 -0.0005487139 0.6697416393 -0.0380856495 0.9992217036 -0.0102698785 12.0177434179 0.0001571891 0.0102833255 0.9999471129 -0.0741589598
0.9992846094 0.0378186982 0.0001243143 0.6850992271 -0.0378149244 0.9992217746 -0.0112194740 12.4021043617 -0.0005485235 0.0112067468 0.9999370520 -0.0803492227
0.9993320986 0.0364941995 0.0018788581 0.7033011247 -0.0364703226 0.9992688880 -0.0114719225 12.7885578202 -0.0022961430 0.0113957379 0.9999324302 -0.0799773578
0.9993983707 0.0345751669 0.0027302809 0.7356081180 -0.0345460215 0.9993522314 -0.0100841497 13.1780770667 -0.0030771735 0.0099837624 0.9999454263 -0.0770993193
0.9994494187 0.0329972438 0.0034700644 0.7574732990 -0.0329644670 0.9994149785 -0.0091128855 13.5722516226 -0.0037687345 0.0089934793 0.9999524559 -0.0703186070
0.9995614607 0.0294165727 0.0033987631 0.7723552238 -0.0293804940 0.9995160749 -0.0102177625 13.9549307572 -0.0036976899 0.0101134243 0.9999420212 -0.0781797893
0.9996876519 0.0246053229 0.0043791174 0.7785764348 -0.0245531261 0.9996312383 -0.0115987661 14.3268670209 -0.0046628939 0.0114876222 0.9999231430 -0.0772507274
0.9997948351 0.0195943231 0.0051332518 0.7875267162 -0.0195313581 0.9997367261 -0.0120417839 14.7042134224 -0.0053678510 0.0119390540 0.9999143189 -0.0786256258
0.9999019527 0.0124497490 0.0064100429 0.7931621907 -0.0123696279 0.9998467184 -0.0123908025 15.1131740916 -0.0065633227 0.0123102978 0.9999026849 -0.0753322009
0.9999575954 0.0027700739 0.0087826060 0.8032035993 -0.0026403149 0.9998876991 -0.0147518807 15.5083836638 -0.0088224835 0.0147280664 0.9998526131 -0.0837824088
0.9998585040 -0.0079057607 0.0148482626 0.7947974789 0.0081579899 0.9998221385 -0.0170040746 15.9015481643 -0.0147111915 0.0171228006 0.9997451628 -0.0842293150
0.9996304077 -0.0206650554 0.0176636197 0.7808453474 0.0209898851 0.9996102356 -0.0184065623 16.3015025544 -0.0172763624 0.0187705167 0.9996745445 -0.0774281358
0.9991546107 -0.0366884432 0.0185478319 0.7523864938 0.0370344879 0.9991395520 -0.0186708955 16.6968144932 -0.0178468664 0.0193420208 0.9996536278 -0.0730642288
0.9982871967 -0.0552347629 0.0192819586 0.7163302417 0.0556154512 0.9982559406 -0.0197989565 17.1098012178 -0.0181547390 0.0208374196 0.9996180307 -0.0752065519
0.9967656669 -0.0775852642 0.0209459325 0.6503770081 0.0779853601 0.9967732148 -0.0190116233 17.5093398378 -0.0194033226 0.0205836095 0.9995998330 -0.0972921160
0.9940626527 -0.1043992632 0.0306632736 0.5806435209 0.1048522857 0.9943954473 -0.0135533226 17.9059943797 -0.0290764628 0.0166879661 0.9994378776 -0.0897342413
0.9901994444 -0.1338747211 0.0397821497 0.5220685027 0.1344060038 0.9908654851 -0.0109825580 18.3016219894 -0.0379484722 0.0162218826 0.9991480191 -0.1015002529
0.9854803985 -0.1649490578 0.0402516154 0.4534164503 0.1654892281 0.9861561709 -0.0104557116 18.7056287536 -0.0379697192 0.0169651076 0.9991348686 -0.0934564424
0.9789877611 -0.2001448957 0.0390510490 0.3674609966 0.2006584299 0.9796135725 -0.0096665983 19.1130351517 -0.0363202173 0.0172994036 0.9991904585 -0.0805585845
0.9702927257 -0.2386693813 0.0396100092 0.2281730980 0.2392299308 0.9709114130 -0.0100034172 19.5210753108 -0.0360703006 0.0191821427 0.9991651409 -0.0678843370
0.9593380638 -0.2794516714 0.0397145148 0.1030841367 0.2800263155 0.9599441604 -0.0096162126 19.9142816060 -0.0354364499 0.0203463080 0.9991647941 -0.0593774627
0.9464522674 -0.3203199245 0.0402895960 -0.0268227359 0.3209160871 0.9470634774 -0.0091452068 20.2960078102 -0.0352274130 0.0215850812 0.9991461923 -0.0622630112
0.9302244543 -0.3647929485 0.0401069737 -0.1232436827 0.3653798475 0.9308226438 -0.0081714598 20.6990660814 -0.0343515884 0.0222555716 0.9991619778 -0.0679252652
0.9107002556 -0.4108413703 0.0428300464 -0.2392222642 0.4112148945 0.9115384254 0.0000977400 21.0743789751 -0.0390813887 0.0175233412 0.9990823678 -0.0703906324
0.8898075075 -0.4542736576 0.0433364004 -0.4363551662 0.4547085207 0.8906402874 -0.0001992442 21.4411000801 -0.0385066328 0.0198827195 0.9990605170 -0.0779164813
0.8650834233 -0.4997319476 0.0435735168 -0.6356794454 0.5001170792 0.8659546215 0.0023453388 21.7873318404 -0.0389047290 0.0197629462 0.9990474704 -0.0698255894
0.8361030152 -0.5463492515 0.0493380512 -0.8578065688 0.5465909546 0.8373441619 0.0096479476 22.1234039833 -0.0465840781 0.0189010545 0.9987355375 -0.0718382953
0.8038757228 -0.5926846075 0.0500877067 -1.1114632741 0.5929396816 0.8051688735 0.0112079924 22.4565315489 -0.0469718670 0.0206891559 0.9986819326 -0.0720139047
0.7691899275 -0.6370264675 0.0504394213 -1.4221275923 0.6373760190 0.7704757104 0.0109082589 22.7595986434 -0.0458111986 0.0237583546 0.9986675496 -0.0466410270
0.7292510549 -0.6824351746 0.0497506921 -1.7237973890 0.6829096554 0.7304425109 0.0093883299 23.0474349307 -0.0427469470 0.0271287786 0.9987175416 -0.0169421114
0.6856456803 -0.7261909533 0.0503656662 -2.0465375159 0.7267765456 0.6868162363 0.0089056374 23.3016701585 -0.0410591506 0.0304984731 0.9986911381 -0.0049366680
0.6381396103 -0.7682289605 0.0510108030 -2.3601508219 0.7689290400 0.6392789396 0.0084005215 23.5541025083 -0.0390636560 0.0338629823 0.9986627705 0.0062855372
0.5890120370 -0.8064668690 0.0517301599 -2.6837804988 0.8072681957 0.5901269922 0.0082579171 23.7912764481 -0.0371871002 0.0368961002 0.9986269561 0.0048623645
0.5379018757 -0.8413710239 0.0525011641 -3.0295178053 0.8422761555 0.5389855168 0.0080926257 24.0262742053 -0.0351062679 0.0398674401 0.9985880718 0.0109164031
0.4850514946 -0.8728632190 0.0532432957 -3.4028177330 0.8738603487 0.4861074102 0.0082265869 24.2254304819 -0.0330626457 0.0425368867 0.9985476828 0.0231312298
0.4304461120 -0.9010481551 0.0531823914 -3.7736030993 0.9021095744 0.4314310598 0.0080966937 24.3922710136 -0.0302400464 0.0444911541 0.9985519900 0.0266260349
0.3757200069 -0.9252047063 0.0532045859 -4.1898382635 0.9263159122 0.3766541199 0.0083967097 24.5362639166 -0.0278084019 0.0461294427 0.9985483300 0.0501384155
0.3200255295 -0.9459152809 0.0531783967 -4.5901850970 0.9470792868 0.3208903658 0.0083784069 24.6789245356 -0.0249896983 0.0476828539 0.9985498788 0.0710289646
0.2647808517 -0.9628168946 0.0536164897 -4.9979113038 0.9640469517 0.2655946959 0.0085400492 24.7871958274 -0.0224627590 0.0494275720 0.9985250821 0.0866211592
0.2093412445 -0.9763776180 0.0535069187 -5.4015807673 0.9776530751 0.2100645077 0.0082077653 24.8917838486 -0.0192537829 0.0505929798 0.9985337462 0.0983455471
0.1575064642 -0.9860631087 0.0535841330 -5.8175339678 0.9873888059 0.1581313916 0.0076032201 24.9678757477 -0.0159705884 0.0517108168 0.9985343919 0.1170424600
0.1105383681 -0.9924268895 0.0535736711 -6.2289569218 0.9937944817 0.1110416784 0.0065018352 25.0199664714 -0.0124015064 0.0525225164 0.9985427321 0.1325862730
0.0693919866 -0.9961381195 0.0537921847 -6.6586171746 0.9975457175 0.0697930102 0.0056104580 25.0607184600 -0.0093431096 0.0532708426 0.9985363907 0.1415663547
0.0341144476 -0.9979627866 0.0539117889 -7.0884401578 0.9993923414 0.0344499361 0.0053056391 25.1027974465 -0.0071520881 0.0536980300 0.9985316065 0.1513973544
0.0032152630 -0.9985278449 0.0541461452 -7.5210835374 0.9999820162 0.0034846250 0.0048810476 25.1418237926 -0.0050625410 0.0541294776 0.9985210916 0.1661558201
-0.0211507873 -0.9983047202 0.0542248074 -7.9446213655 0.9997705414 -0.0209354966 0.0045353597 25.1379833238 -0.0033924478 0.0543082914 0.9985184529 0.1848923724
-0.0416099297 -0.9976624862 0.0542049564 -8.3884986539 0.9991320725 -0.0414439089 0.0041837893 25.1078427905 -0.0019275444 0.0543319976 0.9985210657 0.2022275941
-0.0585611582 -0.9969447615 0.0516888115 -8.8322983893 0.9982585535 -0.0588495293 -0.0040734711 25.1005070295 0.0071028879 0.0513602510 0.9986549322 0.2103179993
-0.0702473743 -0.9963098167 0.0493158755 -9.2971743422 0.9974010058 -0.0709462336 -0.0125644579 25.0392724338 0.0160168684 0.0483050837 0.9987041999 0.2110941880
-0.0808539468 -0.9954932245 0.0495568279 -9.7279605951 0.9965768360 -0.0816018936 -0.0132567345 25.0123975076 0.0172409204 0.0483153274 0.9986833231 0.2240361360
-0.0855112858 -0.9951414964 0.0487977672 -10.1645525286 0.9961243165 -0.0864028218 -0.0164589962 24.9892344405 0.0205952949 0.0472012125 0.9986730593 0.2469168705
-0.0897911802 -0.9947654532 0.0487774240 -10.6421860164 0.9957448152 -0.0906834605 -0.0163942949 24.9860129303 0.0207317838 0.0470978040 0.9986751173 0.2690980275
-0.0914635944 -0.9946018714 0.0490053904 -11.1153422541 0.9955891577 -0.0923653120 -0.0164583789 24.9791076852 0.0208959326 0.0472838928 0.9986629028 0.2759886767
-0.0910511344 -0.9946320986 0.0491597329 -11.5930578016 0.9956226536 -0.0919656668 -0.0166687676 24.9629868584 0.0211002989 0.0474268335 0.9986518276 0.2879284982
-0.0903699828 -0.9946823530 0.0493992186 -12.0696530203 0.9956855122 -0.0912875907 -0.0166414142 24.9334963666 0.0210624567 0.0476822019 0.9986404661 0.3117699128
-0.0868741188 -0.9949807560 0.0496606754 -12.5594968759 0.9959667489 -0.0878664969 -0.0181580261 24.9064271110 0.0224303961 0.0478829190 0.9986010732 0.3285657417
-0.0827361787 -0.9953343691 0.0496408948 -13.0474349841 0.9963066812 -0.0837597356 -0.0189024800 24.8845790164 0.0229721962 0.0478936362 0.9985882424 0.3462915727
-0.0784387921 -0.9957299390 0.0486748850 -13.5447948452 0.9966633173 -0.0794307444 -0.0187879962 24.8716862726 0.0225740527 0.0470387647 0.9986379558 0.3656321216
-0.0739871028 -0.9960714496 0.0486577431 -14.0483127157 0.9970095309 -0.0749721957 -0.0187394004 24.8699112827 0.0223137596 0.0471257597 0.9986397043 0.3861793273
-0.0687595385 -0.9964308658 0.0489658617 -14.5627852216 0.9973845056 -0.0697555461 -0.0189291249 24.8556112939 0.0222772047 0.0475362339 0.9986210656 0.4097518603
-0.0628627736 -0.9968064469 0.0492461085 -15.1022354531 0.9977663082 -0.0638873755 -0.0195140343 24.8458046953 0.0225979199 0.0479094016 0.9985960261 0.4324451199
-0.0582021781 -0.9970661001 0.0497161802 -15.6528616222 0.9980484045 -0.0592436790 -0.0197374978 24.8333315094 0.0226249594 0.0484703889 0.9985683415 0.4511536020
-0.0523856228 -0.9973760952 0.0499667010 -16.1986775551 0.9983819924 -0.0534153083 -0.0194987691 24.8238434911 0.0221165929 0.0488643993 0.9985605274 0.4746127842
-0.0450678395 -0.9977109132 0.0504165005 -16.7698459410 0.9987507223 -0.0460903243 -0.0193048365 24.8162082570 0.0215843589 0.0494834890 0.9985416865 0.4998657828
-0.0380609143 -0.9980222715 0.0500291149 -17.3167856111 0.9990338995 -0.0391046773 -0.0200522280 24.8295442333 0.0219689425 0.0492175756 0.9985464415 0.5163155095
-0.0310407239 -0.9982892517 0.0495483952 -17.8903248711 0.9993023617 -0.0320258262 -0.0192129207 24.8295714973 0.0207668805 0.0489174454 0.9985869117 0.5242066442
-0.0242003170 -0.9985348048 0.0484002926 -18.4616777422 0.9995113935 -0.0251252105 -0.0185929578 24.8511868780 0.0197817830 0.0479266884 0.9986549522 0.5539474588
-0.0165798289 -0.9986770801 0.0486744178 -19.0369264638 0.9996833337 -0.0174788591 -0.0181030895 24.8640804149 0.0189299138 0.0483588581 0.9986506292 0.5729171333
-0.0092812446 -0.9987444987 0.0492268703 -19.6295400728 0.9998086352 -0.0101164093 -0.0167436949 24.8829387202 0.0172206723 0.0490620477 0.9986472670 0.5883790069
-0.0020130740 -0.9987291230 0.0503595713 -20.2379716424 0.9998671531 -0.0028248154 -0.0160529328 24.9161350338 0.0161747880 0.0503205654 0.9986021314 0.6052218203
0.0058929707 -0.9985884011 0.0527871022 -20.8501791258 0.9998698626 0.0050913232 -0.0153080490 24.9414144172 0.0150176840 0.0528704425 0.9984884503 0.6107860059
0.0137523564 -0.9984275016 0.0543451635 -21.4740600387 0.9998037917 0.0129557094 -0.0149842484 24.9754426701 0.0142566055 0.0545405692 0.9984097733 0.6369799033
0.0212501970 -0.9982845278 0.0545566742 -22.1254008305 0.9996781562 0.0204601693 -0.0149988484 25.0126431737 0.0138568795 0.0548578440 0.9983980187 0.6521237207
0.0279537537 -0.9981928935 0.0531933736 -22.7635863392 0.9995182534 0.0271937258 -0.0149586895 25.0530789849 0.0134851315 0.0535858994 0.9984721842 0.6779463825
0.0362595880 -0.9982549548 0.0466078050 -23.4224075380 0.9992999872 0.0357888883 -0.0108945434 25.1078998377 0.0092074904 0.0469702106 0.9988538539 0.7004588625
0.0447979225 -0.9979577834 0.0455346973 -24.0651828198 0.9989433213 0.0442806092 -0.0123072492 25.1512943253 0.0102658110 0.0460379209 0.9988869420 0.7265368612
0.0522478783 -0.9977342299 0.0423859143 -24.7320141591 0.9985225246 0.0515603749 -0.0171550484 25.2119349847 0.0149307454 0.0432196050 0.9989540223 0.7517295707
0.0596105445 -0.9972659876 0.0436707335 -25.3851270729 0.9981403548 0.0589900840 -0.0153623627 25.2773903157 0.0127442216 0.0445052802 0.9989278577 0.7702003169
0.0662977987 -0.9967497665 0.0457657615 -26.0423023854 0.9977598528 0.0658145332 -0.0119884660 25.3519769472 0.0089374485 0.0464580484 0.9988802590 0.7954274904
0.0739214764 -0.9961516954 0.0470894365 -26.7326674784 0.9972397114 0.0735072288 -0.0104711629 25.4428670457 0.0069694527 0.0477334998 0.9988357922 0.8167842234
0.0803040657 -0.9956151187 0.0479769999 -27.4159327639 0.9967502359 0.0799031091 -0.0102205861 25.5188409244 0.0063422586 0.0486418406 0.9987961489 0.8270783966
0.0850316323 -0.9953982588 0.0441806278 -28.1062065223 0.9963769601 0.0848764772 -0.0053793200 25.5905970818 0.0016046697 0.0444779720 0.9990090766 0.8384167899
0.0885300215 -0.9951109740 0.0437788156 -28.8021155580 0.9960734330 0.0884273046 -0.0042810945 25.6790727748 0.0003889215 0.0439859205 0.9990320753 0.8582951147
0.0914552627 -0.9949013116 0.0425125291 -29.5024998810 0.9958050751 0.0914941749 -0.0010335813 25.7633362177 -0.0028613374 0.0424287187 0.9990953991 0.8907864203
0.0938059218 -0.9947583909 0.0406963487 -30.2128970006 0.9955819905 0.0938957499 0.0002972931 25.8589349937 -0.0041169490 0.0404886640 0.9991715162 0.8990047105
0.0949752418 -0.9946567530 0.0404678544 -30.9343450443 0.9954710448 0.0950647928 0.0002899809 25.9509130638 -0.0041354997 0.0402570363 0.9991807988 0.9265282007
0.0954436556 -0.9945468573 0.0420363797 -31.6460292515 0.9954251784 0.0955435877 0.0003700829 26.0426689982 -0.0043843713 0.0418087487 0.9991160122 0.9469434096
0.0956141091 -0.9944492728 0.0439156694 -32.3614205520 0.9954090076 0.0957125288 0.0001391106 26.1257098877 -0.0043416182 0.0437007520 0.9990352319 0.9732559251
0.0950948772 -0.9944589886 0.0448138852 -33.1087436935 0.9954587775 0.0951935793 0.0000687360 26.2143019311 -0.0043343493 0.0446038389 0.9989953508 0.9874700074
0.0936090016 -0.9946600900 0.0434587192 -33.8572904717 0.9955969885 0.0937333945 0.0008289830 26.3067204985 -0.0048980895 0.0431897697 0.9990548796 1.0033032914
0.0913523597 -0.9949257101 0.0421613300 -34.6004645508 0.9958074996 0.0914696142 0.0008563770 26.4036928558 -0.0047085121 0.0419063365 0.9991104488 1.0395295330
0.0892863635 -0.9950777094 0.0429918322 -35.3370837260 0.9959999959 0.0893524439 -0.0003859450 26.4842634457 -0.0034573800 0.0428543243 0.9990753492 1.0550673954
0.0858648813 -0.9952697435 0.0454462296 -36.0887155159 0.9963015704 0.0859227247 -0.0006827384 26.5698075185 -0.0032253550 0.0453367732 0.9989665530 1.0691626754
0.0820661902 -0.9954472286 0.0484763388 -36.8573983094 0.9966225482 0.0821121269 -0.0010464166 26.6512634672 -0.0029388427 0.0483984877 0.9988237831 1.1059429819
0.0774456681 -0.9956892951 0.0510391627 -37.6376688479 0.9969932741 0.0774755764 -0.0013951667 26.7188383343 -0.0025651360 0.0509937515 0.9986956781 1.1165789457
0.0722914901 -0.9961668791 0.0492492579 -38.4275607821 0.9973813049 0.0723078510 -0.0014516861 26.8036452085 -0.0021149864 0.0492252336 0.9987854641 1.1401395214
0.0674195479 -0.9967290616 0.0445621168 -39.1986731212 0.9977208992 0.0674755175 -0.0002487006 26.8896259899 -0.0027589648 0.0444773226 0.9990065845 1.1468205757
0.0639701549 -0.9971327334 0.0404243888 -39.9745051067 0.9979516502 0.0639407118 -0.0020221671 26.9714712179 -0.0005683952 0.0404709438 0.9991805541 1.2014756501
0.0575329443 -0.9973596464 0.0443136097 -40.7635435007 0.9983427937 0.0574194874 -0.0038299903 27.0218006452 0.0012754130 0.0444605235 0.9990103279 1.2272642618
0.0506888730 -0.9975295513 0.0486357123 -41.5657633843 0.9987144848 0.0506225708 -0.0025948294 27.0782552942 0.0001263542 0.0487047193 0.9988132129 1.2396284862
0.0447465742 -0.9978101514 0.0487098136 -42.3719100354 0.9989981714 0.0447241182 -0.0015513640 27.1485377250 -0.0006305368 0.0487304329 0.9988117677 1.2544823391
0.0397759392 -0.9982671195 0.0433662629 -43.1835158311 0.9992072443 0.0396662766 -0.0033866635 27.2219581755 0.0016606166 0.0434665918 0.9990535009 1.2868011963
0.0338756596 -0.9984973118 0.0430761896 -44.0097641139 0.9994228258 0.0337345020 -0.0039998411 27.2698539429 0.0025406768 0.0431868244 0.9990637833 1.3200039254
0.0278498430 -0.9985969809 0.0450383839 -44.8302624353 0.9996086838 0.0277033624 -0.0038733814 27.3217216996 0.0026202323 0.0451286327 0.9989777479 1.3329807508
0.0219992427 -0.9986767302 0.0464846404 -45.6607679133 0.9997565157 0.0218956393 -0.0027368346 27.3662998712 0.0017154021 0.0465335304 0.9989152556 1.3539626031
0.0161332782 -0.9988923875 0.0442008534 -46.5084844657 0.9998657809 0.0162435618 0.0021370050 27.4075988069 -0.0028526173 0.0441604440 0.9990203791 1.3837175777
0.0118532696 -0.9990179016 0.0426934694 -47.3542826888 0.9999276997 0.0119288467 0.0015158952 27.4559757294 -0.0020236903 0.0426724143 0.9990870681 1.4087190754
0.0075608750 -0.9990157453 0.0437078238 -48.1838451946 0.9999702079 0.0076215883 0.0012225957 27.4979917996 -0.0015545154 0.0436972778 0.9990436084 1.4357756907
0.0041685055 -0.9989629157 0.0453400116 -49.0380879911 0.9999900834 0.0042352781 0.0013767451 27.5386789526 -0.0015673449 0.0453338230 0.9989706642 1.4567462999
0.0010225204 -0.9989406360 0.0460060897 -49.8952366430 0.9999990951 0.0010616550 0.0008262143 27.5830088140 -0.0008741816 0.0460052033 0.9989408176 1.4839770054
-0.0011110911 -0.9989380425 0.0460603159 -50.7495472120 0.9999992761 -0.0011311842 -0.0004101721 27.6126043049 0.0004618392 0.0460598268 0.9989385762 1.5103416751
-0.0025184018 -0.9989344652 0.0460824460 -51.6139098905 0.9999958196 -0.0025811930 -0.0013031299 27.6433403531 0.0014206891 0.0460789715 0.9989367898 1.5308955453
-0.0039355498 -0.9988933450 0.0468678652 -52.4903812037 0.9999890914 -0.0040491183 -0.0023284714 27.6760890475 0.0025156681 0.0468581901 0.9988983839 1.5561287825
-0.0046873685 -0.9988815415 0.0470499172 -53.3704213823 0.9999850523 -0.0048146027 -0.0025912766 27.7051581807 0.0028149050 0.0470370677 0.9988891783 1.5844609655
-0.0049162787 -0.9989106668 0.0464037703 -54.2566258907 0.9999815125 -0.0050770059 -0.0033464423 27.7409073684 0.0035783891 0.0463864604 0.9989171594 1.6080453528
-0.0053200243 -0.9989093266 0.0463880874 -55.1490191932 0.9999781543 -0.0054962315 -0.0036718231 27.7624209404 0.0039227780 0.0463675398 0.9989167448 1.6332203608
-0.0056927916 -0.9989517785 0.0454195596 -56.0464141916 0.9999773605 -0.0058498303 -0.0033253433 27.7942633188 0.0035875543 0.0453996008 0.9989624646 1.6594177888
-0.0064301404 -0.9989744564 0.0448183973 -56.9505016911 0.9999761274 -0.0065370270 -0.0022387249 27.8177266650 0.0025294081 0.0448029320 0.9989926423 1.6851466754
-0.0069940344 -0.9990272147 0.0435397268 -57.8641804377 0.9999744606 -0.0070514129 -0.0011643985 27.8513582921 0.0014702824 0.0435304710 0.9990510179 1.7079277038
-0.0073977487 -0.9990328713 0.0433427665 -58.7854205482 0.9999722533 -0.0074287294 -0.0005537605 27.8821468220 0.0008752067 0.0433374673 0.9990601073 1.7358077068
-0.0076521599 -0.9991008945 0.0416994846 -59.6994823330 0.9999706968 -0.0076548202 0.0000958739 27.9193906186 0.0002234144 0.0416989963 0.9991301936 1.7505845224
-0.0084754899 -0.9990905410 0.0417882386 -60.6240215334 0.9999421546 -0.0081911504 0.0069708318 27.9338920674 -0.0066221984 0.0418449025 0.9991021723 1.7652497823
-0.0095230488 -0.9990539447 0.0424326185 -61.5407811892 0.9999063321 -0.0090968398 0.0102261702 27.9692512620 -0.0098304930 0.0425260283 0.9990469951 1.8042560871
-0.0095923535 -0.9990032049 0.0435956814 -62.4617974595 0.9998982671 -0.0091224335 0.0109652456 28.0113920312 -0.0105566168 0.0436964288 0.9989890790 1.8279201010
-0.0103611208 -0.9989896118 0.0437310262 -63.4085110193 0.9998695236 -0.0098084019 0.0128347608 28.0282522290 -0.0123928612 0.0438583029 0.9989608933 1.8551287562
-0.0114270216 -0.9990909231 0.0410700693 -64.3296371733 0.9998365405 -0.0108407395 0.0144696444 28.0553066080 -0.0140112605 0.0412287010 0.9990514896 1.8737035542
-0.0118374722 -0.9990737000 0.0413716840 -65.2740425371 0.9998297953 -0.0112406131 0.0146297282 28.0829808031 -0.0141511336 0.0415378214 0.9990367134 1.9006155047
-0.0121163949 -0.9990399252 0.0421001293 -66.2078624681 0.9998273500 -0.0115112684 0.0145863272 28.1064268156 -0.0140876973 0.0422695944 0.9990069160 1.9328608947
-0.0123798056 -0.9990195804 0.0425043341 -67.1553068429 0.9998389908 -0.0118153680 0.0135051710 28.1275343315 -0.0129897259 0.0426646819 0.9990050010 1.9516656643
-0.0124233072 -0.9991267207 0.0398930760 -68.1128506327 0.9998380799 -0.0118929450 0.0135045124 28.1450527828 -0.0130182730 0.0400543872 0.9991126917 1.9730230855
