1.0000000000 -0.0000000000 0.0000000000 -0.0000000000 0.0000000000 1.0000000000 0.0000000000 -0.0000000000 -0.0000000000 -0.0000000000 1.0000000000 0.0000000000
0.9999999700 -0.0001634169 -0.0001824747 0.0052567866 0.0001634245 0.9999999858 0.0000416660 0.0052040825 0.0001824679 -0.0000416959 0.9999999825 0.0000160081
1.0000000000 0.0000007343 -0.0000055515 -0.0041510746 -0.0000007348 0.9999999960 -0.0000895218 -0.0001176106 0.0000055514 0.0000895218 0.9999999960 -0.0009193711
0.9999999874 -0.0001586546 -0.0000038019 -0.0051148155 0.0001586551 0.9999999773 0.0001419624 -0.0006583493 0.0000037794 -0.0001419630 0.9999999899 0.0132310029
0.9999999996 -0.0000261779 0.0000071533 -0.0071964341 0.0000261772 0.9999999950 0.0000961627 -0.0001577017 -0.0000071558 -0.0000961625 0.9999999954 0.0071257807
0.9999999986 -0.0000438728 -0.0000306410 -0.0094302853 0.0000438778 0.9999999858 0.0001628208 0.0001922660 0.0000306339 -0.0001628221 0.9999999863 0.0063982806
0.9999999933 -0.0001076835 -0.0000415390 -0.0099524402 0.0001076931 0.9999999673 0.0002318064 0.0058830335 0.0000415140 -0.0002318109 0.9999999723 0.0055558111
0.9999999968 0.0000447248 -0.0000658298 -0.0119902579 -0.0000447219 0.9999999980 0.0000439825 0.0013154827 0.0000658318 -0.0000439796 0.9999999969 0.0059698107
0.9999999880 0.0000039580 -0.0001550565 -0.0149953510 -0.0000039465 0.9999999972 0.0000745100 0.0024324023 0.0001550568 -0.0000745094 0.9999999852 0.0023399342
0.9999999867 -0.0001523836 -0.0000580829 -0.0140892807 0.0001523957 0.9999999665 0.0002091771 0.0002187829 0.0000580510 -0.0002091860 0.9999999764 0.0066033217
0.9999999999 -0.0000148550 -0.0000015901 -0.0131909411 0.0000148550 0.9999999997 0.0000216325 0.0034159925 0.0000015898 -0.0000216325 0.9999999998 0.0055464054
0.9999999923 -0.0001014994 -0.0000712433 -0.0073541562 0.0001015041 0.9999999926 0.0000664395 -0.0032540588 0.0000712365 -0.0000664468 0.9999999953 0.0030225151
0.9999999972 0.0000638302 0.0000385176 -0.0083082142 -0.0000638336 0.9999999942 0.0000865700 0.0045328975 -0.0000385120 -0.0000865725 0.9999999955 0.0105998466
0.9999999868 -0.0000224527 -0.0001611536 -0.0132013580 0.0000224737 0.9999999913 0.0001302515 0.0028922906 0.0001611507 -0.0001302551 0.9999999785 0.0060160520
0.9999999964 -0.0000475314 -0.0000702492 -0.0090426067 0.0000475387 0.9999999934 0.0001047296 0.0062979452 0.0000702443 -0.0001047330 0.9999999920 0.0046510645
0.9999999981 0.0000446310 -0.0000420785 -0.0221712000 -0.0000446248 0.9999999882 0.0001467687 -0.0011149222 0.0000420851 -0.0001467668 0.9999999883 0.0028137746
0.9999999790 -0.0001563674 -0.0001324005 -0.0122112380 0.0001563947 0.9999999664 0.0002068877 0.0054985833 0.0001323682 -0.0002069084 0.9999999698 0.0049085028
0.9999999976 0.0000615092 0.0000303345 -0.0072545331 -0.0000615110 0.9999999964 0.0000578423 0.0050461928 -0.0000303309 -0.0000578442 0.9999999979 0.0020694872
0.9999999988 -0.0000476673 0.0000080154 -0.0076507865 0.0000476665 0.9999999941 0.0000977527 0.0079961759 -0.0000080201 -0.0000977523 0.9999999952 0.0046299098
0.9999999948 -0.0000672084 -0.0000772054 -0.0132004795 0.0000672148 0.9999999942 0.0000836209 0.0068791881 0.0000771998 -0.0000836261 0.9999999935 0.0205445320
0.9999999850 -0.0001198211 0.0001250569 -0.0014665229 0.0001198476 0.9999999704 -0.0002115563 0.0051515987 -0.0001250316 0.0002115713 0.9999999698 0.0092760062
0.9999999802 -0.0000894844 0.0001776740 -0.0052820264 0.0000894834 0.9999999960 0.0000055625 0.0030764286 -0.0001776745 -0.0000055466 0.9999999842 0.0137207716
0.9999999951 -0.0000656131 0.0000747781 0.0107532141 0.0000656059 0.9999999933 0.0000952020 0.0033059381 -0.0000747844 -0.0000951971 0.9999999927 0.0077872323
0.9999999723 0.0001437470 0.0001865349 0.0031096586 -0.0001437362 0.9999999880 -0.0000582447 0.0029573412 -0.0001865433 0.0000582179 0.9999999809 0.0180980893
0.9999999813 -0.0001928800 -0.0000100375 0.0077943300 0.0001928806 0.9999999798 0.0000562974 0.0052018217 0.0000100266 -0.0000562993 0.9999999984 0.0129963400
0.9999999793 -0.0000106007 0.0002033209 0.0019103647 0.0000105921 0.9999999990 0.0000423174 -0.0002746791 -0.0002033213 -0.0000423153 0.9999999784 0.0137067937
0.9999999970 -0.0000757381 0.0000150733 0.0063976973 0.0000757360 0.9999999875 0.0001385727 -0.0010145006 -0.0000150838 -0.0001385716 0.9999999903 0.0131019391
0.9999999891 -0.0000649932 0.0001322094 0.0058119391 0.0000649792 0.9999999923 0.0001058560 0.0068491300 -0.0001322162 -0.0001058474 0.9999999857 0.0137860337
0.9999999925 -0.0000393314 0.0001161518 0.0024412134 0.0000393266 0.9999999984 0.0000409911 0.0062627314 -0.0001161534 -0.0000409865 0.9999999924 0.0094249508
0.9999999904 -0.0001143751 0.0000782598 0.0020309781 0.0001143630 0.9999999814 0.0001550161 0.0017237446 -0.0000782775 -0.0001550071 0.9999999849 0.0147218598
0.9999999997 0.0000228911 0.0000053483 0.0020882165 -0.0000228907 0.9999999979 -0.0000606437 -0.0013098137 -0.0000053497 0.0000606436 0.9999999981 0.0151985776
0.9999999972 -0.0000711792 -0.0000216414 0.0116337248 0.0000711791 0.9999999975 -0.0000040019 0.0008352288 0.0000216417 0.0000040004 0.9999999998 0.0057812948
0.9999999910 0.0000764987 0.0001102923 0.0053932467 -0.0000765143 0.9999999871 0.0001415116 0.0072199135 -0.0001102814 -0.0001415201 0.9999999839 0.0139535244
0.9999999936 -0.0001110920 0.0000229931 0.0035859445 0.0001110910 0.9999999930 0.0000399692 0.0035187852 -0.0000229975 -0.0000399666 0.9999999989 0.0132074406
0.9999999965 -0.0000619145 -0.0000567362 0.0062871416 0.0000619196 0.9999999940 0.0000900044 0.0020267868 0.0000567306 -0.0000900079 0.9999999943 0.0092087164
0.9999999836 0.0000421467 0.0001762382 0.0044149646 -0.0000421681 0.9999999917 0.0001214868 0.0038606199 -0.0001762331 -0.0001214942 0.9999999771 0.0141578685
0.9999999971 -0.0000757060 0.0000088855 0.0040465493 0.0000757062 0.9999999968 -0.0000250274 0.0043491092 -0.0000088836 0.0000250280 0.9999999996 0.0102811540
0.9999999878 -0.0000145810 0.0001554044 0.0007319105 0.0000145681 0.9999999965 0.0000828797 0.0035276705 -0.0001554056 -0.0000828774 0.9999999845 0.0182703814
0.9999999928 -0.0000782650 0.0000911266 0.0084410050 0.0000782759 0.9999999897 -0.0001198920 0.0033111423 -0.0000911172 0.0001198991 0.9999999887 0.0147906887
0.9999999671 0.0000491108 0.0002519328 0.0055977596 -0.0000490816 0.9999999921 -0.0001155386 -0.0053944858 -0.0002519385 0.0001155263 0.9999999616 0.0115018111
0.9999999982 -0.0000112905 0.0000585622 0.0095586191 0.0000112925 0.9999999994 -0.0000327180 0.0028214753 -0.0000585618 0.0000327187 0.9999999978 0.0045767004
0.9999999997 -0.0000142234 0.0000219407 0.0042882134 0.0000142202 0.9999999896 0.0001436064 0.0017766936 -0.0000219427 -0.0001436061 0.9999999894 0.0058632525
0.9999999871 -0.0001041993 0.0001226372 0.0010848618 0.0001041765 0.9999999774 0.0001852206 0.0015363597 -0.0001226565 -0.0001852078 0.9999999753 0.0064791459
0.9999999814 -0.0000582179 0.0001838517 -0.0009501826 0.0000582082 0.9999999969 0.0000523755 0.0016483271 -0.0001838547 -0.0000523648 0.9999999817 0.0084581390
0.9999999839 -0.0000429249 0.0001740875 -0.0018419502 0.0000428980 0.9999999871 0.0001546155 0.0008891364 -0.0001740941 -0.0001546080 0.9999999729 0.0083234808
0.9999999850 -0.0000862263 0.0001502109 -0.0037437782 0.0000862032 0.9999999845 0.0001536944 0.0006125804 -0.0001502242 -0.0001536815 0.9999999769 0.0070302874
0.9999999795 -0.0000805523 0.0001856472 -0.0053128879 0.0000805201 0.9999999817 0.0001737457 0.0005792823 -0.0001856612 -0.0001737307 0.9999999677 0.0065841292
0.9999999896 -0.0000558694 0.0001328018 -0.0041190867 0.0000558359 0.9999999666 0.0002522199 -0.0013636236 -0.0001328159 -0.0002522125 0.9999999594 0.0074211935
0.9999999869 -0.0000535887 0.0001524696 -0.0063951079 0.0000535601 0.9999999810 0.0001873568 0.0006023607 -0.0001524796 -0.0001873486 0.9999999708 0.0090121913
0.9999999814 -0.0000614547 0.0001827289 -0.0056216640 0.0000614233 0.9999999833 0.0001718361 0.0004052153 -0.0001827395 -0.0001718249 0.9999999685 0.0078778495
0.9999999988 -0.0000491103 0.0000054941 -0.0054893662 0.0000491096 0.9999999915 0.0001210533 0.0021484560 -0.0000055001 -0.0001210531 0.9999999927 0.0096994102
0.9999999981 -0.0000516174 0.0000328401 -0.0056960300 0.0000516095 0.9999999698 0.0002403628 0.0007502669 -0.0000328525 -0.0002403611 0.9999999706 0.0082476218
0.9999999923 -0.0000073425 0.0001238627 -0.0055981864 0.0000073330 0.9999999970 0.0000767058 0.0032642421 -0.0001238632 -0.0000767049 0.9999999894 0.0077363685
0.9999999924 -0.0000292474 0.0001200028 -0.0054303410 0.0000292504 0.9999999993 -0.0000253188 0.0038090701 -0.0001200021 0.0000253224 0.9999999925 0.0074712177
0.9999999858 -0.0000374126 0.0001644899 -0.0070037793 0.0000373850 0.9999999852 0.0001676867 0.0010915107 -0.0001644961 -0.0001676806 0.9999999724 0.0089760923
0.9999999931 -0.0000036586 0.0001170415 -0.0073840427 0.0000036463 0.9999999945 0.0001049100 0.0019703450 -0.0001170418 -0.0001049095 0.9999999876 0.0072657268
0.9999999838 -0.0000181441 0.0001791174 -0.0077184036 0.0000181161 0.9999999876 0.0001563304 0.0003101248 -0.0001791202 -0.0001563272 0.9999999717 0.0079226069
0.9999999994 -0.0000254967 -0.0000242203 -0.0070188353 0.0000254990 0.9999999949 0.0000973039 0.0007039820 0.0000242178 -0.0000973045 0.9999999950 0.0097074588
0.9999999950 0.0000281713 0.0000956688 -0.0077906960 -0.0000281759 0.9999999985 0.0000475642 0.0019528461 -0.0000956675 -0.0000475669 0.9999999943 0.0095817835
0.9999999823 -0.0000737905 0.0001732148 -0.0071920304 0.0000737674 0.9999999884 0.0001334567 0.0006624298 -0.0001732247 -0.0001334439 0.9999999761 0.0087364753
0.9999999864 -0.0000260824 0.0001631109 -0.0093301395 0.0000260671 0.9999999953 0.0000934996 0.0020361282 -0.0001631133 -0.0000934953 0.9999999823 0.0082964436
0.9999999919 -0.0000800297 0.0000991490 -0.0078959086 0.0000800199 0.9999999919 0.0000987002 0.0020009456 -0.0000991569 -0.0000986923 0.9999999902 0.0102584046
0.9999999945 -0.0000222934 0.0001028361 -0.0093425287 0.0000222725 0.9999999791 0.0002030821 -0.0008248824 -0.0001028407 -0.0002030798 0.9999999741 0.0100473221
0.9999999894 -0.0000166517 0.0001444283 -0.0074597758 0.0000166568 0.9999999992 -0.0000353476 0.0031827570 -0.0001444277 0.0000353500 0.9999999889 0.0100226130
0.9999999598 -0.0001391273 0.0002469473 -0.0098339686 0.0001392434 0.9999998798 -0.0004701346 0.0099452402 -0.0002468818 0.0004701690 0.9999998590 0.0081037911
0.9999999277 -0.0002511228 0.0002856300 -0.0092486370 0.0002513809 0.9999995599 -0.0009038807 0.0228472238 -0.0002854029 0.0009039525 0.9999995507 0.0052423708
0.9999999222 -0.0002499107 0.0003052485 -0.0082374816 0.0002502519 0.9999993437 -0.0011180517 0.0365199040 -0.0003049689 0.0011181280 0.9999993284 0.0036202565
0.9999999421 -0.0003159025 0.0001261959 -0.0067307414 0.0003160390 0.9999993633 -0.0010832499 0.0488335860 -0.0001258536 0.0010832897 0.9999994053 0.0057561358
0.9999999787 -0.0002031142 0.0000362090 -0.0058519972 0.0002031586 0.9999992217 -0.0012309579 0.0658382640 -0.0000359589 0.0012309652 0.9999992417 0.0054605643
0.9999999653 -0.0002548550 0.0000672817 -0.0061594899 0.0002549635 0.9999986607 -0.0016166805 0.0912332960 -0.0000668696 0.0016166976 0.9999986909 0.0045860762
0.9999999033 -0.0004391880 -0.0000211840 -0.0060922492 0.0004391527 0.9999985611 -0.0016385705 0.1175752261 0.0000219036 0.0016385610 0.9999986573 0.0038258727
0.9999999273 -0.0003796240 -0.0000354234 -0.0052401119 0.0003795685 0.9999987208 -0.0015538233 0.1475369066 0.0000360132 0.0015538098 0.9999987922 0.0036406819
0.9999998891 -0.0004137042 -0.0002251816 -0.0027682239 0.0004132971 0.9999982856 -0.0018049938 0.1855372112 0.0002259279 0.0018049005 0.9999983456 0.0034450792
0.9999999277 -0.0003512379 -0.0001458115 -0.0038484448 0.0003510113 0.9999987361 -0.0015506576 0.2195063860 0.0001463559 0.0015506063 0.9999987871 0.0006674449
0.9999999515 -0.0003100886 -0.0000302502 -0.0002107905 0.0003100420 0.9999987831 -0.0015289224 0.2615846913 0.0000307243 0.0015289129 0.9999988307 -0.0007752392
0.9999999916 -0.0000814685 -0.0001003221 0.0040111687 0.0000813284 0.9999990217 -0.0013964525 0.3042899861 0.0001004358 0.0013964444 0.9999990199 -0.0022929268
0.9999999929 0.0000146910 -0.0001179567 0.0072678825 -0.0000148762 0.9999987670 -0.0015702489 0.3550187290 0.0001179335 0.0015702506 0.9999987602 -0.0065983461
0.9999999811 -0.0001865525 0.0000554357 0.0098758298 0.0001866452 0.9999985763 -0.0016770962 0.4153054966 -0.0000551228 0.0016771065 0.9999985921 -0.0106573853
0.9999999962 0.0000410072 0.0000769306 0.0154759629 -0.0000408745 0.9999985139 -0.0017235341 0.4819938701 -0.0000770011 0.0017235310 0.9999985118 -0.0135406031
0.9999999474 0.0002760429 0.0001702748 0.0195883297 -0.0002757223 0.9999981949 -0.0018799279 0.5669861495 -0.0001707934 0.0018798809 0.9999982184 -0.0158237740
0.9999999943 0.0000343591 0.0001011720 0.0263528217 -0.0000341498 0.9999978624 -0.0020673819 0.6624424188 -0.0001012428 0.0020673784 0.9999978578 -0.0213225176
0.9999999822 0.0000334868 0.0001855194 0.0308640352 -0.0000330724 0.9999975063 -0.0022329883 0.7702861476 -0.0001855937 0.0022329822 0.9999974897 -0.0231184806
0.9999998334 0.0005337083 0.0002199310 0.0421037557 -0.0005331437 0.9999965832 -0.0025591679 0.8941803473 -0.0002212961 0.0025590502 0.9999967011 -0.0253779438
0.9999994812 0.0009938885 0.0002233460 0.0438892991 -0.0009933245 0.9999963529 -0.0025114907 1.0299503787 -0.0002258413 0.0025112675 0.9999968213 -0.0264463340
0.9999998942 0.0004459164 0.0001125134 0.0526666620 -0.0004456195 0.9999964535 -0.0026257303 1.1743963131 -0.0001136838 0.0026256799 0.9999965464 -0.0293667303
0.9999996176 0.0007698013 0.0004149707 0.0596410138 -0.0007685908 0.9999954730 -0.0029091545 1.3318422027 -0.0004172083 0.0029088345 0.9999956823 -0.0328399582
0.9999988273 0.0015066565 0.0002745475 0.0720964068 -0.0015056983 0.9999928888 -0.0034576438 1.4991555349 -0.0002797550 0.0034572263 0.9999939846 -0.0419543543
0.9999986221 0.0015749413 0.0005248255 0.0836504293 -0.0015729563 0.9999916889 -0.0037613821 1.6804465689 -0.0005307451 0.0037605513 0.9999927883 -0.0439992237
0.9999986946 0.0015323575 0.0005124462 0.0869912066 -0.0015301808 0.9999899188 -0.0042214671 1.8727643156 -0.0005189098 0.0042206774 0.9999909583 -0.0503230914
0.9999985746 0.0016351751 0.0004206796 0.0891330178 -0.0016332193 0.9999880483 -0.0046082312 2.0681828468 -0.0004282098 0.0046075376 0.9999892936 -0.0506499681
0.9999985236 0.0017037340 0.0002239904 0.0952172264 -0.0017025662 0.9999854733 -0.0051141413 2.2705603295 -0.0002327002 0.0051137524 0.9999868976 -0.0524946702
0.9999976515 0.0021491194 0.0002798799 0.1043109533 -0.0021474841 0.9999813489 -0.0057175352 2.4927017475 -0.0002921623 0.0057169207 0.9999836156 -0.0545717958
0.9999964927 0.0026288268 0.0003222238 0.1130516447 -0.0026269061 0.9999795962 -0.0058229385 2.7296958953 -0.0003375247 0.0058220716 0.9999829946 -0.0637799786
0.9999957868 0.0028952086 -0.0002099924 0.1185535697 -0.0028964598 0.9999764283 -0.0062252211 2.9746525797 0.0001919641 0.0062258031 0.9999806011 -0.0599046633
0.9999940418 0.0034509377 0.0000859619 0.1335980881 -0.0034502593 0.9999700429 -0.0069288600 3.2424370219 -0.0001098704 0.0069285221 0.9999759915 -0.0664196199
0.9999921242 0.0039088938 0.0006870992 0.1511652242 -0.0039039638 0.9999676285 -0.0070357016 3.5057273747 -0.0007145788 0.0070329637 0.9999750131 -0.0819416211
0.9999871867 0.0049676031 0.0009743397 0.1759701813 -0.0049605303 0.9999622641 -0.0071318617 3.7829660002 -0.0010097312 0.0071269371 0.9999740933 -0.0866180960
0.9999853567 0.0052761258 0.0012036979 0.1936536877 -0.0052662278 0.9999534643 -0.0080830717 4.0836665224 -0.0012462892 0.0080766144 0.9999666070 -0.0888891053
0.9999818713 0.0058370589 0.0014784580 0.2089975294 -0.0058235694 0.9999428136 -0.0089697033 4.3857881287 -0.0015307301 0.0089609308 0.9999586784 -0.0956191925
0.9999730033 0.0072355595 0.0012803736 0.2235446323 -0.0072234994 0.9999317202 -0.0091856432 4.7039870675 -0.0013467494 0.0091761465 0.9999569914 -0.1001798712
0.9999709911 0.0075621994 0.0009110496 0.2311481985 -0.0075535007 0.9999291466 -0.0092003448 5.0517675986 -0.0009805598 0.0091931963 0.9999572609 -0.0862244644
0.9999643242 0.0084103073 0.0007855205 0.2502532926 -0.0084027433 0.9999225429 -0.0091816192 5.3897545849 -0.0008626799 0.0091746912 0.9999575395 -0.0875992825
0.9999505382 0.0099325057 0.0005161986 0.2661201014 -0.0099272552 0.9999071397 -0.0093360350 5.7387272517 -0.0006088809 0.0093304488 0.9999562850 -0.0771182894
0.9999397096 0.0109051978 0.0012860242 0.2897402796 -0.0108925310 0.9998957702 -0.0094763657 6.0880785283 -0.0013892318 0.0094617863 0.9999542713 -0.0891788642
0.9999208713 0.0125090209 0.0013324741 0.3104447370 -0.0124961871 0.9998792274 -0.0092399078 6.4499308977 -0.0014478954 0.0092225258 0.9999564234 -0.0977677126
0.9998921264 0.0146687691 0.0007502299 0.3263492438 -0.0146618101 0.9998558247 -0.0085651116 6.8214519608 -0.0008757614 0.0085531879 0.9999630373 -0.0809373917
0.9998587351 0.0168040839 0.0003642811 0.3443901886 -0.0168003524 0.9998222357 -0.0085583343 7.1964792446 -0.0005080313 0.0085510053 0.9999633104 -0.0791109010
0.9998093535 0.0195251224 0.0001618420 0.3593669407 -0.0195230429 0.9997733008 -0.0084969273 7.5772503131 -0.0003277089 0.0084921477 0.9999638874 -0.0701437350
0.9997520387 0.0222656897 0.0003166461 0.3914497354 -0.0222620530 0.9997136118 -0.0087803992 7.9687474085 -0.0005120571 0.0087711728 0.9999614014 -0.0755089655
0.9996957971 0.0246521334 0.0007652828 0.4212521185 -0.0246443768 0.9996568577 -0.0088781524 8.3680884307 -0.0009838856 0.0088565918 0.9999602956 -0.0750879764
0.9996367111 0.0269445482 0.0006611027 0.4514234095 -0.0269368841 0.9995901570 -0.0096913570 8.7755205609 -0.0009219610 0.0096700282 0.9999528192 -0.0857212218
0.9995609743 0.0296276478 0.0002473782 0.4745095291 -0.0296237141 0.9995114560 -0.0099641775 9.1901190853 -0.0005424725 0.0099524747 0.9999503258 -0.0803685077
0.9994969602 0.0317099802 -0.0005510902 0.4940218281 -0.0317139499 0.9994451076 -0.0101834287 9.6042811873 0.0002278680 0.0101957833 0.9999479957 -0.0682960255
0.9994263357 0.0338657132 -0.0003359883 0.5141703341 -0.0338673794 0.9993755162 -0.0100786003 10.0108877254 -0.0000055405 0.0100841976 0.9999491532 -0.0704707004
0.9993556622 0.0358804026 -0.0009258114 0.5491808078 -0.0358877695 0.9993076469 -0.0098129952 10.4266827517 0.0005730762 0.0098398977 0.9999514228 -0.0579786823
0.9993163992 0.0369637190 -0.0006463751 0.5830442136 -0.0369683997 0.9992640982 -0.0102273897 10.8162405001 0.0002678571 0.0102442937 0.9999474900 -0.0739636955
0.9992900829 0.0376731307 -0.0002557793 0.6151441441 -0.0376737102 0.9992328071 -0.0106999464 11.2244340283 -0.0001475174 0.0107019865 0.9999427212 -0.0843007928
0.9992717033 0.0381582779 -0.0000940735 0.6405636621 -0.0381569700 0.9992100849 -0.0111018849 11.6257231176 -0.0003296296 0.0110973889 0.9999383678 -0.0860815706
0.9992744661 0.0380820209 -0.0005487136 0.6697415646 -0.0380856494 0.9992217036 -0.0102698780 12.0177433583 0.0001571889 0.0102833250 0.9999471129 -0.0741588047
0.9992846094 0.0378186981 0.0001243146 0.6850991518 -0.0378149243 0.9992217746 -0.0112194735 12.4021043016 -0.0005485237 0.0112067462 0.9999370520 -0.0803490665
0.9993320986 0.0364941994 0.0018788583 0.7033010486 -0.0364703225 0.9992688880 -0.0114719220 12.7885577596 -0.0022961433 0.0113957373 0.9999324302 -0.0799772004
0.9993983707 0.0345751668 0.0027302812 0.7356080413 -0.0345460214 0.9993522314 -0.0100841491 13.1780770056 -0.0030771737 0.0099837619 0.9999454263 -0.0770991608
0.9994494187 0.0329972437 0.0034700647 0.7574732216 -0.0329644669 0.9994149785 -0.0091128850 13.5722515610 -0.0037687347 0.0089934787 0.9999524559 -0.0703184474
0.9995614607 0.0294165726 0.0033987634 0.7723551458 -0.0293804939 0.9995160749 -0.0102177620 13.9549306952 -0.0036976902 0.0101134237 0.9999420212 -0.0781796285
0.9996876519 0.0246053228 0.0043791176 0.7785763561 -0.0245531260 0.9996312383 -0.0115987655 14.3268669583 -0.0046628942 0.0114876217 0.9999231430 -0.0772505654
0.9997948351 0.0195943231 0.0051332521 0.7875266369 -0.0195313580 0.9997367261 -0.0120417834 14.7042133593 -0.0053678513 0.0119390534 0.9999143189 -0.0786254627
0.9999019527 0.0124497489 0.0064100432 0.7931621107 -0.0123696279 0.9998467184 -0.0123908019 15.1131740280 -0.0065633230 0.0123102972 0.9999026850 -0.0753320366
0.9999575954 0.0027700739 0.0087826063 0.8032035187 -0.0026403148 0.9998876991 -0.0147518802 15.5083835997 -0.0088224838 0.0147280658 0.9998526131 -0.0837822434
0.9998585040 -0.0079057608 0.0148482629 0.7947973977 0.0081579900 0.9998221385 -0.0170040740 15.9015480997 -0.0147111918 0.0171228000 0.9997451628 -0.0842291485
0.9996304077 -0.0206650555 0.0176636199 0.7808452654 0.0209898852 0.9996102356 -0.0184065617 16.3015024892 -0.0172763627 0.0187705161 0.9996745445 -0.0774279681
0.9991546107 -0.0366884433 0.0185478322 0.7523864112 0.0370344880 0.9991395520 -0.0186708949 16.6968144276 -0.0178468667 0.0193420202 0.9996536278 -0.0730640600
0.9982871967 -0.0552347630 0.0192819589 0.7163301585 0.0556154513 0.9982559406 -0.0197989560 17.1098011517 -0.0181547394 0.0208374191 0.9996180308 -0.0752063820
0.9967656669 -0.0775852643 0.0209459328 0.6503769241 0.0779853601 0.9967732148 -0.0190116228 17.5093397712 -0.0194033230 0.0205836090 0.9995998330 -0.0972919449
0.9940626527 -0.1043992633 0.0306632739 0.5806434363 0.1048522857 0.9943954473 -0.0135533220 17.9059943126 -0.0290764632 0.0166879656 0.9994378776 -0.0897340690
0.9901994443 -0.1338747212 0.0397821500 0.5220684174 0.1344060038 0.9908654851 -0.0109825574 18.3016219217 -0.0379484726 0.0162218820 0.9991480191 -0.1015000795
0.9854803985 -0.1649490579 0.0402516157 0.4534163644 0.1654892282 0.9861561709 -0.0104557110 18.7056286854 -0.0379697195 0.0169651070 0.9991348685 -0.0934562679
0.9789877610 -0.2001448958 0.0390510493 0.3674609100 0.2006584300 0.9796135725 -0.0096665977 19.1130350830 -0.0363202177 0.0172994031 0.9991904585 -0.0805584088
0.9702927257 -0.2386693814 0.0396100095 0.2281730108 0.2392299309 0.9709114130 -0.0100034166 19.5210752416 -0.0360703011 0.0191821422 0.9991651409 -0.0678841602
0.9593380638 -0.2794516715 0.0397145151 0.1030840488 0.2800263156 0.9599441604 -0.0096162120 19.9142815363 -0.0354364504 0.0203463075 0.9991647941 -0.0593772847
0.9464522673 -0.3203199246 0.0402895964 -0.0268228244 0.3209160871 0.9470634774 -0.0091452062 20.2960077400 -0.0352274135 0.0215850807 0.9991461923 -0.0622628321
0.9302244543 -0.3647929485 0.0401069740 -0.1232437720 0.3653798476 0.9308226438 -0.0081714592 20.6990660106 -0.0343515889 0.0222555712 0.9991619778 -0.0679250849
0.9107002556 -0.4108413704 0.0428300468 -0.2392223541 0.4112148946 0.9115384254 0.0000977406 21.0743789038 -0.0390813893 0.0175233408 0.9990823677 -0.0703904509
0.8898075075 -0.4542736576 0.0433364008 -0.4363552568 0.4547085207 0.8906402874 -0.0001992435 21.4411000083 -0.0385066333 0.0198827191 0.9990605170 -0.0779162986
0.8650834232 -0.4997319477 0.0435735172 -0.6356795366 0.5001170792 0.8659546215 0.0023453395 21.7873317681 -0.0389047296 0.0197629458 0.9990474703 -0.0698254055
0.8361030151 -0.5463492516 0.0493380515 -0.8578066607 0.5465909546 0.8373441619 0.0096479482 22.1234039105 -0.0465840787 0.0189010541 0.9987355375 -0.0718381101
0.8038757227 -0.5926846075 0.0500877070 -1.1114633666 0.5929396816 0.8051688735 0.0112079931 22.4565314755 -0.0469718676 0.0206891555 0.9986819326 -0.0720137184
0.7691899274 -0.6370264676 0.0504394216 -1.4221276855 0.6373760190 0.7704757103 0.0109082596 22.7595985695 -0.0458111993 0.0237583543 0.9986675496 -0.0466408394
0.7292510548 -0.6824351747 0.0497506925 -1.7237974828 0.6829096555 0.7304425109 0.0093883305 23.0474348563 -0.0427469477 0.0271287783 0.9987175416 -0.0169419225
0.6856456802 -0.7261909534 0.0503656665 -2.0465376103 0.7267765456 0.6868162362 0.0089056380 23.3016700835 -0.0410591513 0.0304984729 0.9986911381 -0.0049364778
0.6381396102 -0.7682289606 0.0510108034 -2.3601509170 0.7689290401 0.6392789396 0.0084005221 23.5541024328 -0.0390636567 0.0338629821 0.9986627705 0.0062857287
0.5890120369 -0.8064668691 0.0517301602 -2.6837805946 0.8072681958 0.5901269922 0.0082579178 23.7912763721 -0.0371871009 0.0368961001 0.9986269560 0.0048625573
0.5379018756 -0.8413710239 0.0525011644 -3.0295179017 0.8422761555 0.5389855168 0.0080926264 24.0262741288 -0.0351062686 0.0398674400 0.9985880718 0.0109165973
0.4850514945 -0.8728632190 0.0532432960 -3.4028178301 0.8738603487 0.4861074101 0.0082265876 24.2254304049 -0.0330626464 0.0425368867 0.9985476827 0.0231314253
0.4304461119 -0.9010481552 0.0531823917 -3.7736031970 0.9021095744 0.4314310597 0.0080966944 24.3922709360 -0.0302400472 0.0444911541 0.9985519900 0.0266262317
0.3757200068 -0.9252047063 0.0532045863 -4.1898383618 0.9263159122 0.3766541198 0.0083967104 24.5362638385 -0.0278084026 0.0461294428 0.9985483300 0.0501386137
0.3200255294 -0.9459152809 0.0531783970 -4.5901851960 0.9470792868 0.3208903657 0.0083784076 24.6789244569 -0.0249896991 0.0476828540 0.9985498788 0.0710291642
0.2647808516 -0.9628168947 0.0536164901 -4.9979114034 0.9640469517 0.2655946959 0.0085400499 24.7871957482 -0.0224627597 0.0494275721 0.9985250821 0.0866213603
0.2093412444 -0.9763776180 0.0535069190 -5.4015808675 0.9776530751 0.2100645077 0.0082077660 24.8917837688 -0.0192537837 0.0505929800 0.9985337461 0.0983457496
0.1575064641 -0.9860631087 0.0535841334 -5.8175340587 0.9873888059 0.1581313915 0.0076032210 24.9678756731 -0.0159705893 0.0517108170 0.9985343918 0.1170426578
0.1101838884 -0.9924641113 0.0536143497 -6.2303182098 0.9938343498 0.1106858294 0.0064755099 25.0190265495 -0.0123610599 0.0525702855 0.9985407199 0.1296181786
0.0686806253 -0.9961829858 0.0538742097 -6.6613535243 0.9975957374 0.0690786046 0.0055579749 25.0586849033 -0.0092583152 0.0533629568 0.9985322621 0.1356503287
0.0330457387 -0.9979920722 0.0540352020 -7.0925662220 0.9994291860 0.0333763383 0.0052270607 25.0995162689 -0.0070200623 0.0538316259 0.9985253501 0.1425538934
0.0017898823 -0.9985224443 0.0543113666 -7.5266095479 0.9999864858 0.0020523162 0.0047766367 25.1371374162 -0.0048810431 0.0543020830 0.9985126235 0.1544053015
-0.0229317128 -0.9982541211 0.0544320334 -7.9514983298 0.9997320385 -0.0227254697 0.0044050206 25.1317489263 -0.0031603364 0.0545184624 0.9985077614 0.1702458364
-0.0437452115 -0.9975575502 0.0544544817 -8.3966772376 0.9990413676 -0.0435904343 0.0040273832 25.0998724929 -0.0016438520 0.0545784586 0.9985081320 0.1847015002
-0.0610473061 -0.9967793919 0.0520006763 -8.8418175388 0.9981071543 -0.0613509768 -0.0042621827 25.0906442779 0.0074387482 0.0516420522 0.9986379541 0.1899363032
-0.0730830438 -0.9960868998 0.0496966481 -9.3078980923 0.9971909354 -0.0738020048 -0.0127868055 25.0273084552 0.0164044817 0.0486225484 0.9986825025 0.1878648412
-0.0840408149 -0.9952077095 0.0499875631 -9.7399600526 0.9963054400 -0.0848118969 -0.0135060106 24.9982590027 0.0176808260 0.0486678249 0.9986585158 0.1979771424
-0.0890490547 -0.9948069988 0.0492879396 -10.1778246303 0.9958040211 -0.0899676177 -0.0167385571 24.9727444215 0.0210859522 0.0475905757 0.9986443410 0.2180493301
-0.0936810218 -0.9943800800 0.0493165555 -10.6567915223 0.9953749582 -0.0946030797 -0.0167017919 24.9668686016 0.0212734272 0.0475238234 0.9986435438 0.2374664537
-0.0957061576 -0.9941734081 0.0495940121 -11.1312707478 0.9951776780 -0.0966405359 -0.0167927390 24.9571628216 0.0214876865 0.0477476853 0.9986282781 0.2416095326
-0.0956471411 -0.9941688606 0.0497986043 -11.6102632038 0.9951778446 -0.0965972655 -0.0170301486 24.9380501876 0.0217412524 0.0479295827 0.9986140761 0.2508191669
-0.0953197144 -0.9941858028 0.0500873388 -12.0880591173 0.9952090148 -0.0962757557 -0.0170292633 24.9053952559 0.0217524482 0.0482241466 0.9985996509 0.2719416827
-0.0921778954 -0.9944659077 0.0504062887 -12.5791068288 0.9954729994 -0.0932125985 -0.0185719938 24.8749288976 0.0231677158 0.0484661721 0.9985561011 0.2860473376
-0.0883949900 -0.9948075481 0.0504407380 -13.0682641398 0.9958021739 -0.0894641867 -0.0193439859 24.8495177169 0.0237561828 0.0485190851 0.9985397048 0.3011051999
-0.0844536244 -0.9951959205 0.0495243896 -13.5668827017 0.9961525106 -0.0854933866 -0.0192628240 24.8328320564 0.0234042916 0.0477070298 0.9985871411 0.3178108368
-0.0803580695 -0.9955333549 0.0495572397 -14.0717183144 0.9964962689 -0.0813936585 -0.0192421021 24.8270474536 0.0231897995 0.0478373463 0.9985859109 0.3357571064
-0.0754869351 -0.9958965917 0.0499169431 -14.5874222253 0.9968769086 -0.0765365005 -0.0194574704 24.8084848965 0.0231980966 0.0482922631 0.9985638215 0.3567485365
-0.0699466291 -0.9962842115 0.0502517564 -15.1281261886 0.9972724145 -0.0710282201 -0.0200679655 24.7940628498 0.0235626900 0.0487110039 0.9985349457 0.3769065722
-0.0656422326 -0.9965505929 0.0507741380 -15.6799835195 0.9975632928 -0.0667440048 -0.0203153793 24.7767049104 0.0236341726 0.0493168694 0.9985035164 0.3931098432
-0.0601830305 -0.9968798791 0.0510735692 -16.2270410719 0.9979184373 -0.0612756239 -0.0201019978 24.7621663224 0.0231688420 0.0497574572 0.9984925639 0.4140854814
-0.0532232575 -0.9972499999 0.0515724983 -16.7994561468 0.9983251000 -0.0543113911 -0.0199315708 24.7490843797 0.0226777331 0.0504252964 0.9984703350 0.4369039557
-0.0465729744 -0.9975997148 0.0512422395 -17.3478173711 0.9986476884 -0.0476856420 -0.0207092751 24.7569757103 0.0231030860 0.0502084515 0.9984715113 0.4509414293
-0.0399112156 -0.9979107837 0.0508051434 -17.9226737009 0.9989623009 -0.0409664846 -0.0199014691 24.7511449698 0.0219411988 0.0499581312 0.9985102748 0.4564574894
-0.0334287598 -0.9982044924 0.0497022067 -18.4955087985 0.9992205426 -0.0344247373 -0.0193195433 24.7666912988 0.0209958403 0.0490176376 0.9985772108 0.4838702396
-0.0261660097 -0.9984052876 0.0500222114 -19.0721743848 0.9994538603 -0.0271381535 -0.0188547547 24.7732876080 0.0201821972 0.0495015386 0.9985701160 0.5005315266
-0.0192263537 -0.9985333717 0.0506107975 -19.6662361026 0.9996438250 -0.0201354991 -0.0175152760 24.7854893033 0.0185086613 0.0502560163 0.9985648513 0.5137203236
-0.0123154952 -0.9985822527 0.0517862265 -20.2763074380 0.9997710150 -0.0132034748 -0.0168400078 24.8116575039 0.0174998910 0.0515669752 0.9985161996 0.5283717259
-0.0047665227 -0.9985157208 0.0542552807 -20.8900958067 0.9998545038 -0.0056474975 -0.0160958695 24.8296675425 0.0163783853 0.0541706654 0.9983973595 0.5317666336
0.0027369378 -0.9984349104 0.0558590975 -21.5156297276 0.9998737510 0.0018580056 -0.0157806802 24.8560550529 0.0156521955 0.0558952360 0.9983139443 0.5558459821
0.0098799916 -0.9983751346 0.0561201952 -22.1686802521 0.9998343315 0.0090052682 -0.0158181735 24.8851036209 0.0152870936 0.0562671812 0.9982987073 0.5689451031
0.0162292651 -0.9983651135 0.0548061235 -22.8086081588 0.9997565186 0.0153834654 -0.0158193703 24.9172891009 0.0149503993 0.0550495160 0.9983716925 0.5927395300
0.0241756301 -0.9985440308 0.0482219600 -23.4693546000 0.9996504121 0.0236295965 -0.0118615273 24.9633926211 0.0107047918 0.0484918620 0.9987662123 0.6133043848
0.0323640887 -0.9983603213 0.0472147707 -24.1139283310 0.9994065596 0.0317682794 -0.0133155966 24.9980236938 0.0117938313 0.0476176987 0.9987960054 0.6374245480
0.0394710496 -0.9982436625 0.0441772173 -24.7827838298 0.9990846342 0.0386974518 -0.0182318669 25.0493710889 0.0164902999 0.0448564099 0.9988573334 0.6607532408
0.0464797684 -0.9978829594 0.0454887948 -25.4380117008 0.9988163710 0.0457732822 -0.0164518587 25.1054807942 0.0143348580 0.0461996316 0.9988293678 0.6773782951
0.0531575614 -0.9974541782 0.0475335250 -26.0957742446 0.9985304432 0.0525916118 -0.0130796200 25.1697008575 0.0105464570 0.0481589525 0.9987840044 0.7012255190
0.0607765659 -0.9969562175 0.0488314381 -26.7869453604 0.9981143884 0.0602802719 -0.0115739594 25.2497862363 0.0085951584 0.0494427864 0.9987399732 0.7212813842
0.0671563878 -0.9965033540 0.0497100088 -27.4708391280 0.9977104949 0.0666720172 -0.0113406578 25.3150635221 0.0079867370 0.0503577951 0.9986993063 0.7302358600
0.0718732624 -0.9963596139 0.0458448891 -28.1616839573 0.9974084099 0.0716461861 -0.0065793602 25.3760236029 0.0032707973 0.0461989580 0.9989269033 0.7402362444
0.0753658366 -0.9961208412 0.0454231259 -28.8583711328 0.9971537842 0.0751924744 -0.0055156537 25.4536064711 0.0020787803 0.0457095337 0.9989526101 0.7588135810
0.0782816572 -0.9959550241 0.0441086403 -29.5594581392 0.9969306230 0.0782558408 -0.0023143642 25.5268895557 -0.0011467561 0.0441544266 0.9990240596 0.7900015942
0.0806255645 -0.9958477766 0.0422696606 -30.2707461130 0.9967416264 0.0806539213 -0.0010368686 25.6114130956 -0.0023766506 0.0422155284 0.9991057005 0.7969517769
0.0817887426 -0.9957628180 0.0420358414 -30.9930062635 0.9966468767 0.0818159190 -0.0010763368 25.6921282800 -0.0023674248 0.0419829222 0.9991155236 0.8232160668
0.0822498763 -0.9956576738 0.0435976431 -31.7055124446 0.9966083803 0.0822844294 -0.0010044676 25.7727578361 -0.0025873013 0.0435323938 0.9990486658 0.8423549917
0.0824131642 -0.9955602229 0.0454743112 -32.4216014343 0.9965950757 0.0824422146 -0.0012394718 25.8446066767 -0.0025150341 0.0454216234 0.9989647395 0.8673784546
0.0818859210 -0.9955625081 0.0463679684 -33.1697125552 0.9966386307 0.0819126308 -0.0013269517 25.9216006853 -0.0024770589 0.0463207672 0.9989235460 0.8803619896
0.0803900810 -0.9957472816 0.0449976220 -33.9190960175 0.9967589399 0.0804440107 -0.0006139642 26.0023954121 -0.0030084360 0.0449011386 0.9989869054 0.8949725963
0.0781237783 -0.9959856629 0.0436947896 -34.6631365916 0.9969397765 0.0781708467 -0.0006330165 26.0877675105 -0.0027851833 0.0436105274 0.9990447261 0.9299756113
0.0760500007 -0.9961088824 0.0445364106 -35.4004380797 0.9971028760 0.0760412412 -0.0018932508 26.1568621427 -0.0015007200 0.0445513648 0.9990059678 0.9442449865
0.0726178910 -0.9962523076 0.0469891646 -36.1528098283 0.9973590735 0.0725954450 -0.0021863089 26.2307336424 -0.0012330840 0.0470238348 0.9988930065 0.9571027679
0.0688084239 -0.9963752077 0.0500184585 -36.9221540145 0.9976294763 0.0687676094 -0.0025384800 26.3002304834 -0.0009103712 0.0500745574 0.9987450675 0.9926613547
0.0641766882 -0.9965523853 0.0525803773 -37.7029412408 0.9979384267 0.0641138907 -0.0028819223 26.3557426328 -0.0004991461 0.0526569312 0.9986125367 1.0020612718
0.0590112468 -0.9969645980 0.0507864459 -38.4935588575 0.9982573178 0.0589353724 -0.0029915275 26.4283231784 -0.0000106711 0.0508744750 0.9987050554 1.0244355718
0.0541270128 -0.9974702960 0.0460790084 -39.2654405660 0.9985338682 0.0540978485 -0.0018806509 26.5023580846 -0.0006168818 0.0461132446 0.9989360280 1.0299030928
0.0506709680 -0.9978335368 0.0419605279 -40.0419141444 0.9987141052 0.0505584694 -0.0037386125 26.5720822804 0.0016090529 0.0420960102 0.9991122744 1.0833405101
0.0442247135 -0.9979680736 0.0458682757 -40.8312176514 0.9990155022 0.0440172742 -0.0055232093 26.6101755032 0.0034929901 0.0460673809 0.9989322277 1.1078576009
0.0373673948 -0.9980414911 0.0501683159 -41.6338037635 0.9992987499 0.0372003712 -0.0042592010 26.6542418962 0.0023845793 0.0502922906 0.9987316953 1.1189811992
0.0314135615 -0.9982438465 0.0502236112 -42.4404973134 0.9995050826 0.0312900417 -0.0032439488 26.7120705124 0.0016667531 0.0503006587 0.9987327298 1.1326298710
0.0264368850 -0.9986415928 0.0449005585 -43.2526656913 0.9996425004 0.0262304755 -0.0051801137 26.7729168085 0.0039953140 0.0450214527 0.9989780309 1.1637567020
0.0205284411 -0.9987933623 0.0446139270 -44.0791361648 0.9997771925 0.0202884141 -0.0058262941 26.8080351358 0.0049141180 0.0447235914 0.9989873131 1.1957260553
0.0144937140 -0.9988099044 0.0465693804 -44.8999384422 0.9998822963 0.0142433938 -0.0057025733 26.8472444106 0.0050324806 0.0466465505 0.9988987804 1.2074677554
0.0086332626 -0.9988102410 0.0479955120 -45.7306380248 0.9999540543 0.0084232704 -0.0045757859 26.8790053043 0.0041660627 0.0480328108 0.9988370703 1.2272083682
0.0027525937 -0.9989540586 0.0456422177 -46.5784906292 0.9999961455 0.0027663230 0.0002376425 26.9072289718 -0.0003636551 0.0456413876 0.9989578227 1.2557358681
-0.0015336234 -0.9990242349 0.0441387150 -47.4245271189 0.9999986984 -0.0015542465 -0.0004329197 26.9425606217 0.0005010998 0.0441379936 0.9990253182 1.2795218165
-0.0058324748 -0.9989630921 0.0451522195 -48.2542415803 0.9999824849 -0.0058719494 -0.0007416702 26.9717374886 0.0010060327 0.0451471029 0.9989798431 1.3053205173
-0.0092317617 -0.9988626728 0.0467775093 -49.1086255576 0.9999568584 -0.0092697220 -0.0005946426 26.9992638973 0.0010275808 0.0467700016 0.9989051562 1.3250622278
-0.0123834850 -0.9987970241 0.0474463261 -49.9659550763 0.9999217821 -0.0124527846 -0.0011652709 27.0303709852 0.0017547080 0.0474281848 0.9988731092 1.3510745693
-0.0145218537 -0.9987650701 0.0475126343 -50.8202508699 0.9998896746 -0.0146538019 -0.0024299620 27.0467786242 0.0031232019 0.0474721049 0.9988676814 1.3761751562
-0.0159344696 -0.9987421200 0.0475423009 -51.6846218352 0.9998645768 -0.0161119255 -0.0033516888 27.0642005068 0.0041134708 0.0474824552 0.9988636022 1.3954789323
-0.0173472812 -0.9986816432 0.0483119795 -52.5606960245 0.9998358296 -0.0175796802 -0.0043896069 27.0851263981 0.0052331290 0.0482279003 0.9988226489 1.4188546368
-0.0180960313 -0.9986607865 0.0484682080 -53.4402857074 0.9998208158 -0.0183438586 -0.0046732382 27.1023185716 0.0055560737 0.0483749562 0.9988137933 1.4452989419
-0.0183213142 -0.9986887407 0.0478030187 -54.3261361690 0.9998120332 -0.0186032876 -0.0054603973 27.1261220399 0.0063425306 0.0476939917 0.9988418571 1.4669966529
-0.0187220223 -0.9986832486 0.0477624837 -55.2179824449 0.9998022106 -0.0190208305 -0.0058092762 27.1356056526 0.0067101089 0.0476442754 0.9988418280 1.4902284969
-0.0190926950 -0.9987236573 0.0467602960 -56.1149678266 0.9997972466 -0.0193706947 -0.0054992637 27.1553489795 0.0063980242 0.0466458194 0.9988910015 1.5144920742
-0.0198288115 -0.9987392923 0.0461155540 -57.0185341250 0.9997890036 -0.0200548582 -0.0044442110 27.1666273971 0.0053634490 0.0460177004 0.9989262258 1.5382463481
-0.0203914236 -0.9987881262 0.0447936237 -57.9318315791 0.9997827071 -0.0205646881 -0.0034106096 27.1879546402 0.0043276433 0.0447143432 0.9989904399 1.5590672831
-0.0207932393 -0.9987903137 0.0445595155 -58.8526459040 0.9997767432 -0.0209398535 -0.0028260134 27.2063251536 0.0037556646 0.0444908053 0.9990027343 1.5849621080
-0.0210458080 -0.9988585888 0.0428788240 -59.7663857336 0.9997736230 -0.0211604724 -0.0022219792 27.2312857408 0.0031267792 0.0428223538 0.9990778094 1.5977375948
-0.0218740092 -0.9988421788 0.0428465812 -60.6902979145 0.9997539058 -0.0216953535 0.0046302855 27.2333681376 -0.0036953528 0.0429373198 0.9990709339 1.6103218080
-0.0229218260 -0.9987939872 0.0434184418 -61.6066828776 0.9997135867 -0.0226007802 0.0078707910 27.2563420012 -0.0068800081 0.0435864191 0.9990259704 1.6472724303
-0.0229889379 -0.9987429383 0.0445426968 -62.5274332610 0.9997069566 -0.0226274792 0.0086022206 27.2860862027 -0.0075835181 0.0447273997 0.9989704450 1.6688794875
-0.0237563204 -0.9987213374 0.0446242918 -63.4735369075 0.9996736184 -0.0233120452 0.0104501327 27.2901995530 -0.0093964870 0.0448579839 0.9989491815 1.6939576376
-0.0248204223 -0.9988129119 0.0419131672 -64.3942019295 0.9996315003 -0.0243361321 0.0120256505 27.3048762232 -0.0109913706 0.0421962040 0.9990488828 1.7103789413
-0.0252278961 -0.9987912998 0.0421840326 -65.3381441883 0.9996200067 -0.0247349756 0.0121664806 27.3198380977 -0.0111083540 0.0424749376 0.9990357772 1.7351364445
-0.0255037049 -0.9987544666 0.0428844549 -66.2714407438 0.9996139620 -0.0250056913 0.0121096001 27.3306996284 -0.0110221618 0.0431767395 0.9990066472 1.7651775581
-0.0257632082 -0.9987309765 0.0432746304 -67.2183433734 0.9996190369 -0.0253090299 0.0110106364 27.3390832015 -0.0099014247 0.0435418136 0.9990025387 1.7817574014
-0.0258037630 -0.9988407964 0.0406353195 -68.1752945996 0.9996179312 -0.0253783093 0.0109513975 27.3437372009 -0.0099074469 0.0409023813 0.9991140264 1.8008612536
