1.0000000000 0.0000000000 0.0000000000 0.0000000000 0.0000000000 1.0000000000 0.0000000000 0.0000000000 0.0000000000 0.0000000000 1.0000000000 0.0000000000
0.9999999822 0.0000721273 0.0001744394 -0.0101614741 -0.0000721786 0.9999999540 0.0002944604 -0.0006197384 -0.0001744182 -0.0002944730 0.9999999414 -0.0043731957
0.9999999911 -0.0000069778 0.0001328978 -0.0038588637 0.0000069190 0.9999999018 0.0004430665 0.0099779099 -0.0001329009 -0.0004430656 0.9999998930 -0.0006653691
0.9999999894 -0.0001377426 0.0000470911 -0.0022639859 0.0001377281 0.9999999428 0.0003089794 -0.0048479103 -0.0000471337 -0.0003089729 0.9999999512 -0.0123089691
0.9999999705 -0.0002421119 0.0000173933 -0.0039118459 0.0002421032 0.9999998457 0.0005000090 -0.0086405809 -0.0000175143 -0.0005000048 0.9999998748 -0.0065218769
0.9999998881 -0.0003493415 -0.0003190601 -0.0049160684 0.0003494703 0.9999998575 0.0004035017 0.0004270198 0.0003189191 -0.0004036131 0.9999998677 -0.0024092175
0.9999999443 -0.0001444503 0.0003008713 0.0024371404 0.0001443193 0.9999998949 0.0004351051 -0.0102157165 -0.0003009342 -0.0004350616 0.9999998601 -0.0030671255
0.9999999016 0.0002149714 0.0003879326 0.0018383068 -0.0002151752 0.9999998388 0.0005255425 -0.0099812384 -0.0003878196 -0.0005256260 0.9999997867 -0.0025734810
0.9999999128 -0.0003207744 0.0002675887 0.0020310719 0.0003206194 0.9999997808 0.0005792695 -0.0074898997 -0.0002677744 -0.0005791837 0.9999997964 -0.0107778092
0.9999998918 -0.0004382016 0.0001562728 0.0005392201 0.0004380757 0.9999995801 0.0008049645 -0.0069680467 -0.0001566255 -0.0008048960 0.9999996638 -0.0055755809
0.9999999419 -0.0002423274 0.0002399067 0.0023135605 0.0002421922 0.9999998118 0.0005636358 -0.0096616522 -0.0002400432 -0.0005635777 0.9999998124 -0.0095019283
0.9999998422 -0.0005021563 -0.0002520570 -0.0017745677 0.0005023743 0.9999994992 0.0008655614 -0.0071752777 0.0002516222 -0.0008656879 0.9999995936 -0.0019396578
0.9999999586 -0.0002783489 -0.0000732237 -0.0115769729 0.0002784106 0.9999996046 0.0008445950 -0.0060609290 0.0000729886 -0.0008446153 0.9999996406 -0.0076196376
0.9999999115 -0.0003624484 0.0002134258 -0.0211874642 0.0003622145 0.9999993350 0.0010948672 -0.0026978387 -0.0002138225 -0.0010947898 0.9999993779 0.0009559311
0.9999998144 -0.0005718155 0.0002104537 -0.0117348422 0.0005717276 0.9999997493 0.0004177113 -0.0151053319 -0.0002106925 -0.0004175909 0.9999998906 -0.0147392329
0.9999999496 -0.0001046467 0.0002997800 -0.0153267924 0.0001044086 0.9999996790 0.0007943973 -0.0107068006 -0.0002998630 -0.0007943659 0.9999996395 -0.0105702359
0.9999999289 -0.0002074589 0.0003150531 -0.0159727693 0.0002073254 0.9999998888 0.0004235766 -0.0059401356 -0.0003151410 -0.0004235112 0.9999998607 -0.0146692297
0.9999998970 -0.0004366113 0.0001239082 -0.0188948893 0.0004365289 0.9999996842 0.0006641544 -0.0022113513 -0.0001241982 -0.0006641002 0.9999997718 -0.0094854127
0.9999999310 -0.0001996374 0.0003134260 -0.0185446402 0.0001994352 0.9999997720 0.0006451257 -0.0109357321 -0.0003135548 -0.0006450631 0.9999997428 -0.0116347497
0.9999999566 -0.0001818714 0.0002318521 -0.0109197834 0.0001816872 0.9999996680 0.0007943728 -0.0120997347 -0.0002319965 -0.0007943307 0.9999996576 -0.0097926425
0.9999999508 -0.0002928138 0.0001128441 -0.0126324746 0.0002927272 0.9999996632 0.0007667855 -0.0136239156 -0.0001130686 -0.0007667524 0.9999996997 -0.0078958912
0.9999998760 -0.0004402798 0.0002326180 -0.0143589526 0.0004401484 0.9999997436 0.0005647879 -0.0208409896 -0.0002328666 -0.0005646855 0.9999998135 -0.0023062485
0.9999998157 -0.0003450617 0.0004995082 -0.0237209688 0.0003446957 0.9999996723 0.0007324709 -0.0252427048 -0.0004997608 -0.0007322986 0.9999996070 -0.0126019617
0.9999997674 -0.0005970465 0.0003298307 -0.0119039106 0.0005968141 0.9999995739 0.0007043317 -0.0167460066 -0.0003302511 -0.0007041346 0.9999996976 -0.0116819320
0.9999998491 -0.0001805787 0.0005188337 -0.0287469293 0.0001801495 0.9999996417 0.0008271067 -0.0166205678 -0.0005189828 -0.0008270131 0.9999995234 -0.0087606482
0.9999998644 -0.0004172395 0.0003114847 -0.0206272549 0.0004170118 0.9999996461 0.0007306624 -0.0103297832 -0.0003117894 -0.0007305324 0.9999996846 -0.0049316918
0.9999998087 -0.0002131902 0.0005806589 -0.0237332142 0.0002127975 0.9999997487 0.0006762904 -0.0093936227 -0.0005808030 -0.0006761667 0.9999996027 -0.0165719759
0.9999998837 -0.0003636614 0.0003168410 -0.0206917595 0.0003634474 0.9999997059 0.0006753650 -0.0085269769 -0.0003170865 -0.0006752498 0.9999997217 -0.0077794842
0.9999998692 -0.0004974327 0.0001192975 -0.0212211851 0.0004973366 0.9999995526 0.0008046249 -0.0030513543 -0.0001196977 -0.0008045655 0.9999996692 -0.0086817774
0.9999999404 -0.0002814778 0.0001998043 -0.0269849513 0.0002812742 0.9999994419 0.0010183832 -0.0006955254 -0.0002000909 -0.0010183269 0.9999994615 0.0035002997
0.9999999148 -0.0003444492 -0.0002274105 -0.0233466274 0.0003445795 0.9999997764 0.0005730858 -0.0122215218 0.0002272131 -0.0005731641 0.9999998099 -0.0100696772
0.9999998413 -0.0003644317 0.0004296965 -0.0262385816 0.0003640485 0.9999995362 0.0008916523 -0.0121682893 -0.0004300213 -0.0008914958 0.9999995102 0.0023970637
0.9999996924 -0.0004016766 0.0006736375 -0.0184422177 0.0004014929 0.9999998822 0.0002729056 -0.0180644584 -0.0006737471 -0.0002726351 0.9999997359 -0.0142479638
0.9999999126 -0.0003148293 0.0002752207 -0.0265998597 0.0003145038 0.9999992522 0.0011817845 -0.0034703869 -0.0002755926 -0.0011816978 0.9999992638 0.0006552854
0.9999997844 -0.0003769247 0.0005376720 -0.0218532091 0.0003767472 0.9999998745 0.0003301205 -0.0178425855 -0.0005377963 -0.0003299178 0.9999998010 -0.0103792694
0.9999999550 -0.0002830261 0.0000995035 -0.0282444497 0.0002829104 0.9999992859 0.0011610667 -0.0055168413 -0.0000998321 -0.0011610385 0.9999993210 0.0055022058
0.9999998728 -0.0003079637 0.0003994004 -0.0196357813 0.0003077584 0.9999998205 0.0005141218 -0.0109503230 -0.0003995586 -0.0005139988 0.9999997881 -0.0123638053
0.9999999399 -0.0001530800 0.0003110905 -0.0275956609 0.0001527280 0.9999993488 0.0011309730 -0.0045326181 -0.0003112634 -0.0011309254 0.9999993121 0.0019869791
0.9999999092 -0.0003999673 0.0001471796 -0.0240974885 0.0003998843 0.9999997614 0.0005633359 -0.0118709672 -0.0001474049 -0.0005632770 0.9999998305 -0.0132837633
0.9999998761 -0.0001125341 0.0004848991 -0.0243590294 0.0001120875 0.9999995697 0.0009209074 -0.0121546405 -0.0004850025 -0.0009208529 0.9999994584 -0.0062657408
0.9999998772 -0.0004953543 -0.0000164022 -0.0213593083 0.0004953655 0.9999996408 0.0006877360 -0.0089352542 0.0000160615 -0.0006877440 0.9999997634 -0.0129708687
0.9999997532 -0.0002706283 0.0006484131 -0.0181720349 0.0002701165 0.9999996521 0.0007892270 -0.0092389459 -0.0006486265 -0.0007890517 0.9999994783 -0.0073943778
0.9999999620 -0.0000764900 0.0002649500 -0.0144405679 0.0000762949 0.9999997261 0.0007362476 -0.0085449056 -0.0002650063 -0.0007362273 0.9999996939 -0.0114655824
0.9999998513 -0.0003170122 0.0004438269 -0.0091986677 0.0003166174 0.9999995543 0.0008894569 -0.0042221929 -0.0004441086 -0.0008893163 0.9999995059 -0.0087961206
0.9999999160 -0.0003997320 0.0000903405 -0.0135336219 0.0003996821 0.9999997677 0.0005520542 -0.0076921013 -0.0000905611 -0.0005520180 0.9999998435 -0.0095224024
0.9999998942 -0.0003576869 0.0002892973 -0.0128959877 0.0003575598 0.9999998396 0.0004393115 -0.0114991211 -0.0002894543 -0.0004392080 0.9999998617 -0.0088818086
0.9999998743 -0.0004292760 0.0002589212 -0.0105568913 0.0004291249 0.9999997377 0.0005835495 -0.0090674019 -0.0002591717 -0.0005834383 0.9999997962 -0.0111087781
0.9999999164 -0.0002825447 0.0002956200 -0.0110616945 0.0002823239 0.9999996816 0.0007463945 -0.0034437525 -0.0002958307 -0.0007463110 0.9999996778 -0.0114159163
0.9999998540 -0.0002754215 0.0004648689 -0.0081979085 0.0002751252 0.9999997590 0.0006374190 -0.0075901022 -0.0004650443 -0.0006372910 0.9999996888 -0.0080250533
0.9999999389 -0.0002561678 0.0002377452 -0.0074383690 0.0002560343 0.9999998097 0.0005613020 -0.0080163243 -0.0002378890 -0.0005612411 0.9999998142 -0.0102050097
0.9999999447 -0.0002967890 0.0001500601 -0.0118752732 0.0002966966 0.9999997665 0.0006155977 -0.0062091748 -0.0001502428 -0.0006155531 0.9999997993 -0.0099499804
0.9999998725 -0.0003587308 0.0003554548 -0.0106027026 0.0003584551 0.9999996350 0.0007755454 -0.0040626159 -0.0003557329 -0.0007754179 0.9999996361 -0.0115293776
0.9999998444 -0.0004614342 0.0003133697 -0.0117414143 0.0004611877 0.9999995845 0.0007862974 -0.0041294284 -0.0003137324 -0.0007861528 0.9999996418 -0.0083757902
0.9999998067 -0.0006212847 0.0000254078 -0.0144592186 0.0006212703 0.9999996487 0.0005627801 -0.0065089793 -0.0000257574 -0.0005627642 0.9999998413 -0.0112501148
0.9999998170 -0.0004513294 0.0004029513 -0.0104887590 0.0004510692 0.9999996898 0.0006457247 -0.0076837556 -0.0004032426 -0.0006455428 0.9999997103 -0.0073627383
0.9999998181 -0.0002092661 0.0005656286 -0.0091487380 0.0002089728 0.9999998437 0.0005185621 -0.0096685484 -0.0005657370 -0.0005184438 0.9999997056 -0.0081505341
0.9999998080 -0.0002932927 0.0005459449 -0.0100190607 0.0002928684 0.9999996552 0.0007770684 -0.0049877291 -0.0005461726 -0.0007769083 0.9999995491 -0.0099274260
0.9999998612 -0.0003241227 0.0004154175 -0.0078074961 0.0003238596 0.9999997471 0.0006332495 -0.0072840136 -0.0004156226 -0.0006331149 0.9999997132 -0.0115035738
0.9999998540 -0.0001118940 0.0005287008 -0.0113589617 0.0001113916 0.9999995423 0.0009502073 -0.0051454426 -0.0005288069 -0.0009501483 0.9999994088 -0.0079805911
0.9999998476 -0.0001631922 0.0005274340 -0.0083503583 0.0001628695 0.9999997996 0.0006117593 -0.0092722733 -0.0005275337 -0.0006116733 0.9999996738 -0.0080076908
0.9999994281 -0.0002376389 0.0010427619 -0.0062904471 0.0002368942 0.9999997169 0.0007141928 -0.0065267671 -0.0010429313 -0.0007139453 0.9999992013 -0.0077312299
0.9999998729 -0.0002088735 0.0004587939 -0.0135838626 0.0002086817 0.9999998908 0.0004180772 -0.0119978165 -0.0004588811 -0.0004179814 0.9999998074 -0.0072923768
0.9999995795 -0.0005731913 0.0007158770 -0.0046097530 0.0005728109 0.9999996947 0.0005314418 -0.0075187322 -0.0007161814 -0.0005310315 0.9999996025 -0.0117551942
0.9999998758 -0.0001921705 0.0004597666 -0.0088799450 0.0001918545 0.9999997454 0.0006873311 -0.0087723913 -0.0004598986 -0.0006872428 0.9999996581 -0.0085146142
0.9999998504 -0.0004182531 0.0003523801 -0.0088357985 0.0004179750 0.9999996015 0.0007889029 -0.0017207452 -0.0003527099 -0.0007887555 0.9999996267 -0.0110449430
0.9999998715 -0.0004293664 0.0002694075 -0.0122015149 0.0004291528 0.9999995937 0.0007927135 -0.0043696157 -0.0002697477 -0.0007925978 0.9999996495 -0.0102380101
0.9999997785 -0.0004748177 0.0004663239 -0.0103023793 0.0004745252 0.9999996908 0.0006270380 -0.0085946350 -0.0004666215 -0.0006268166 0.9999996947 -0.0090276681
0.9999998615 -0.0003482475 0.0003946641 -0.0100957082 0.0003479931 0.9999997318 0.0006443629 -0.0063436598 -0.0003948884 -0.0006442254 0.9999997145 -0.0084985950
0.9999998550 -0.0005164717 0.0001524153 -0.0116540521 0.0005163981 0.9999997502 0.0004826306 -0.0074211926 -0.0001526645 -0.0004825518 0.9999998719 -0.0078819940
0.9999996788 -0.0004166428 0.0006847312 -0.0048858949 0.0004162181 0.9999997210 0.0006203065 -0.0083687386 -0.0006849894 -0.0006200213 0.9999995732 -0.0113811784
0.9999999584 -0.0002841736 0.0000502352 -0.0127180151 0.0002841469 0.9999998187 0.0005309484 -0.0086850640 -0.0000503861 -0.0005309341 0.9999998578 -0.0099265023
0.9999997514 -0.0003054875 0.0006355731 -0.0099812556 0.0003052337 0.9999998737 0.0003993379 -0.0099653163 -0.0006356950 -0.0003991438 0.9999997183 -0.0069939958
0.9999999153 -0.0003308873 0.0002446669 -0.0120651379 0.0003307779 0.9999998453 0.0004471800 -0.0102909067 -0.0002448149 -0.0004470990 0.9999998701 -0.0090627528
0.9999999162 -0.0002892919 0.0002898373 -0.0127586306 0.0002890905 0.9999997170 0.0006946365 -0.0081673363 -0.0002900382 -0.0006945526 0.9999997167 -0.0080175611
0.9999997036 -0.0005780943 0.0005084500 -0.0118628619 0.0005777891 0.9999996530 0.0006001270 -0.0081075097 -0.0005087967 -0.0005998331 0.9999996907 -0.0064361392
0.9999998575 -0.0004651251 0.0002619043 -0.0149683519 0.0004650026 0.9999997826 0.0004675758 -0.0081183007 -0.0002621217 -0.0004674539 0.9999998564 -0.0058619271
0.9999997801 -0.0002726803 0.0006044618 -0.0108117306 0.0002721664 0.9999996017 0.0008500653 -0.0041052556 -0.0006046933 -0.0008499006 0.9999994560 -0.0051373508
0.9999998963 -0.0003550588 0.0002851949 -0.0114011073 0.0003548534 0.9999996780 0.0007197975 -0.0044214712 -0.0002854504 -0.0007196962 0.9999997003 -0.0073587576
0.9999998220 -0.0005215640 0.0002896599 -0.0137918543 0.0005214161 0.9999997338 0.0005104665 -0.0089298879 -0.0002899261 -0.0005103154 0.9999998278 -0.0056100606
0.9999997652 -0.0006079885 0.0003161162 -0.0105014015 0.0006078611 0.9999997341 0.0004029860 -0.0079826848 -0.0003163611 -0.0004027937 0.9999998688 -0.0054223909
0.9999999177 -0.0003694598 0.0001677630 -0.0076158818 0.0003693871 0.9999998378 0.0004334219 -0.0060276674 -0.0001679231 -0.0004333599 0.9999998920 -0.0040701477
0.9999998493 -0.0004804966 0.0002654866 -0.0102330137 0.0004804242 0.9999998474 0.0002728623 -0.0096663402 -0.0002656177 -0.0002727347 0.9999999275 -0.0013944662
0.9999999032 -0.0004073580 0.0001661336 -0.0131794235 0.0004072471 0.9999996946 0.0006669717 -0.0046345787 -0.0001664053 -0.0006669039 0.9999997638 -0.0097158015
0.9999998323 -0.0004128206 0.0004061751 -0.0122132221 0.0004125797 0.9999997391 0.0005930156 -0.0087477468 -0.0004064198 -0.0005928480 0.9999997417 -0.0047229253
0.9999998824 -0.0004371984 0.0002100584 -0.0126078681 0.0004371201 0.9999998350 0.0003727314 -0.0105097226 -0.0002102214 -0.0003726396 0.9999999085 -0.0074407553
0.9999998091 -0.0003634489 0.0004996069 -0.0140637389 0.0003633252 0.9999999033 0.0002477027 -0.0127448855 -0.0004996968 -0.0002475211 0.9999998445 -0.0046260041
0.9999998805 -0.0003958537 0.0002870450 -0.0113196499 0.0003957174 0.9999998090 0.0004748214 -0.0097259692 -0.0002872329 -0.0004747077 0.9999998461 -0.0059971555
0.9999998046 -0.0003372458 0.0005263633 -0.0077195808 0.0003368602 0.9999996750 0.0007325060 -0.0091022707 -0.0005266102 -0.0007323285 0.9999995932 -0.0043315457
0.9999999016 -0.0003339644 0.0002920435 -0.0104389376 0.0003338371 0.9999998494 0.0004356393 -0.0108717520 -0.0002921889 -0.0004355418 0.9999998625 -0.0090264841
0.9999997349 -0.0004798269 0.0005477722 -0.0089480976 0.0004794410 0.9999996370 0.0007043700 -0.0070073832 -0.0005481100 -0.0007041072 0.9999996019 -0.0073732870
0.9999997322 -0.0003486813 0.0006434480 -0.0088815480 0.0003482648 0.9999997299 0.0006471934 -0.0068201636 -0.0006436735 -0.0006469691 0.9999995836 -0.0053966067
0.9999998346 -0.0001866451 0.0005440589 -0.0092854613 0.0001864108 0.9999998899 0.0004305946 -0.0116586802 -0.0005441392 -0.0004304931 0.9999997593 -0.0085450958
0.9999997360 -0.0004746428 0.0005502790 -0.0103680447 0.0004742168 0.9999995880 0.0007740789 -0.0027818749 -0.0005506461 -0.0007738178 0.9999995490 -0.0072435156
0.9999998354 -0.0005723162 0.0000411640 -0.0107317027 0.0005722834 0.9999995213 0.0007937025 -0.0011204670 -0.0000416182 -0.0007936788 0.9999996842 -0.0092545992
0.9999998866 -0.0004643372 0.0001059979 -0.0115001526 0.0004642606 0.9999996318 0.0007217196 -0.0029634237 -0.0001063330 -0.0007216704 0.9999997339 -0.0093417176
0.9999998218 -0.0005381480 0.0002583595 -0.0092650212 0.0005380063 0.9999997050 0.0005481970 -0.0078961138 -0.0002586544 -0.0005480579 0.9999998164 -0.0055137126
0.9999998897 -0.0004180033 0.0002143979 -0.0093550858 0.0004178806 0.9999997490 0.0005721560 -0.0061515556 -0.0002146370 -0.0005720663 0.9999998133 -0.0056332611
0.9999999449 -0.0002544668 0.0002131822 -0.0100918529 0.0002543063 0.9999996846 0.0007524657 -0.0022044045 -0.0002133736 -0.0007524114 0.9999996942 -0.0041255860
0.9999998575 -0.0003971390 0.0003568625 -0.0105903050 0.0003969620 0.9999997982 0.0004959135 -0.0019177000 -0.0003570594 -0.0004957718 0.9999998134 -0.0058056370
0.9999998728 -0.0004066285 0.0002983786 -0.0129149398 0.0004064870 0.9999998050 0.0004741270 -0.0062920258 -0.0002985713 -0.0004740057 0.9999998431 -0.0000332831
0.9999998777 -0.0004922462 0.0000486561 -0.0138396222 0.0004922192 0.9999997258 0.0005532439 -0.0026625181 -0.0000489284 -0.0005532199 0.9999998458 -0.0056313373
0.9999999167 -0.0003561797 0.0001995351 -0.0110660729 0.0003559946 0.9999995071 0.0009268776 0.0016640466 -0.0001998652 -0.0009268065 0.9999995505 -0.0050567564
0.9999997872 -0.0004488952 0.0004734032 -0.0087249846 0.0004487872 0.9999998733 0.0002281213 -0.0065987903 -0.0004735055 -0.0002279088 0.9999998619 -0.0069012468
0.9999998177 -0.0005117568 0.0003204130 -0.0129666711 0.0005115394 0.9999996392 0.0006781243 -0.0024233727 -0.0003207599 -0.0006779603 0.9999997187 -0.0057596758
0.9999998181 -0.0005779512 0.0001726129 -0.0138152220 0.0005778411 0.9999996300 0.0006372911 0.0006967133 -0.0001729811 -0.0006371913 0.9999997820 0.0001963347
0.9999998139 -0.0006041708 0.0000848173 -0.0122617544 0.0006041050 0.9999995186 0.0007732456 0.0028432527 -0.0000852844 -0.0007731942 0.9999996974 -0.0037039680
0.9999999012 -0.0003918828 0.0002097212 -0.0096806309 0.0003916702 0.9999994105 0.0010126807 0.0034926090 -0.0002101180 -0.0010125984 0.9999994652 -0.0075327083
0.9999997437 -0.0006220393 0.0003543760 -0.0087925647 0.0006218429 0.9999996532 0.0005540382 -0.0111321110 -0.0003547205 -0.0005538177 0.9999997837 -0.0053593618
0.9999997746 -0.0006694293 0.0000515702 -0.0140316791 0.0006693793 0.9999993126 0.0009626868 -0.0041167284 -0.0000522146 -0.0009626520 0.9999995353 -0.0075665524
0.9999998935 -0.0004196127 -0.0001919143 -0.0159681779 0.0004197596 0.9999996184 0.0007661542 -0.0090480058 0.0001915927 -0.0007662347 0.9999996881 -0.0100082258
0.9999996587 -0.0007248519 0.0003963720 -0.0045863628 0.0007244200 0.9999991451 0.0010885758 -0.0007960280 -0.0003971607 -0.0010882883 0.9999993289 -0.0084026310
0.9999998978 -0.0004495142 0.0000476365 -0.0172289698 0.0004494713 0.9999994958 0.0008979541 -0.0027518123 -0.0000480401 -0.0008979326 0.9999995957 -0.0128738474
0.9999998959 -0.0004327375 0.0001448643 -0.0066160360 0.0004326412 0.9999996855 0.0006646321 -0.0050562821 -0.0001451519 -0.0006645693 0.9999997686 -0.0088499600
0.9999997100 -0.0007487738 0.0001388972 -0.0061905940 0.0007487155 0.9999996316 0.0004197556 -0.0089328121 -0.0001392114 -0.0004196515 0.9999999023 -0.0084927515
0.9999997571 -0.0006753483 0.0001725705 -0.0130607688 0.0006752373 0.9999995657 0.0006423347 -0.0072270144 -0.0001730042 -0.0006422180 0.9999997788 -0.0053968750
0.9999998511 -0.0004952679 0.0002291388 -0.0085197104 0.0004950815 0.9999995470 0.0008129817 -0.0038603282 -0.0002295413 -0.0008128681 0.9999996433 -0.0063273476
0.9999996914 -0.0006868094 0.0003814114 -0.0104003208 0.0006866412 0.9999996671 0.0004408872 -0.0125221482 -0.0003817140 -0.0004406251 0.9999998301 -0.0066365428
0.9999999009 -0.0002621881 0.0003596882 -0.0141721730 0.0002619515 0.9999997494 0.0006576925 -0.0044967710 -0.0003598605 -0.0006575982 0.9999997190 -0.0055105754
0.9999995494 -0.0008933485 0.0003210268 -0.0143199399 0.0008930356 0.9999991274 0.0009734829 -0.0025092615 -0.0003218962 -0.0009731958 0.9999994746 -0.0052605831
0.9999997255 -0.0007376809 0.0000689046 -0.0134144520 0.0007376250 0.9999994010 0.0008086024 0.0003428116 -0.0000695011 -0.0008085514 0.9999996707 0.0022434532
0.9999998896 -0.0004428865 0.0001570299 -0.0136312912 0.0004428649 0.9999998925 0.0001373022 -0.0059659081 -0.0001570907 -0.0001372326 0.9999999782 -0.0125398879
0.9999996774 -0.0003704218 0.0007127294 -0.0100650672 0.0003702589 0.9999999053 0.0002287599 -0.0179046432 -0.0007128141 -0.0002284959 0.9999997198 -0.0192444729
0.9999999500 -0.0003078657 0.0000719056 -0.0241101355 0.0003078630 0.9999999519 0.0000377425 -0.0135964112 -0.0000719172 -0.0000377203 0.9999999967 -0.0174350299
0.9999999532 0.0001502264 0.0002664120 -0.0145466165 -0.0001502702 0.9999999752 0.0001642842 -0.0206768626 -0.0002663873 -0.0001643242 0.9999999510 -0.0373592748
0.9999998498 -0.0004604603 0.0002973600 -0.0035840079 0.0004601881 0.9999994759 0.0009145446 -0.0114981902 -0.0002977810 -0.0009144076 0.9999995376 -0.0122720959
0.9999991255 -0.0010366032 -0.0008212046 -0.0163400630 0.0010367388 0.9999994490 0.0001647390 -0.0058541520 0.0008210334 -0.0001655902 0.9999996492 -0.0063426990
0.9999996871 -0.0002921051 0.0007351462 -0.0198298163 0.0002914143 0.9999995161 0.0009396133 -0.0066624872 -0.0007354203 -0.0009393988 0.9999992883 -0.0124531925
0.9999995134 0.0001042351 0.0009810142 -0.0187128821 -0.0001043594 0.9999999865 0.0001266955 -0.0086858574 -0.0009810010 -0.0001267978 0.9999995108 -0.0249981446
0.9999989612 -0.0002045703 0.0014267628 -0.0198497703 0.0002046236 0.9999999784 -0.0000372048 -0.0142093983 -0.0014267552 0.0000374967 0.9999989815 -0.0179968745
0.9999995766 -0.0000787594 0.0009168134 -0.0311627449 0.0000785337 0.9999999666 0.0002462562 -0.0032780477 -0.0009168328 -0.0002461841 0.9999995494 -0.0232977096
0.9999998112 0.0001228606 0.0006020225 -0.0183614731 -0.0001232608 0.9999997715 0.0006647100 -0.0066404318 -0.0006019407 -0.0006647841 0.9999995979 -0.0156865156
0.9999999080 -0.0003870116 -0.0001850537 -0.0046595632 0.0003871166 0.9999997641 0.0005674226 -0.0114261164 0.0001848340 -0.0005674942 0.9999998219 -0.0087363503
0.9999991097 -0.0013057228 -0.0002752261 0.0003814054 0.0013059753 0.9999987246 0.0009193320 -0.0016005434 0.0002740254 -0.0009196906 0.9999995395 -0.0025044780
0.9999996134 -0.0007646760 -0.0004340331 -0.0147110900 0.0007651933 0.9999989956 0.0011929717 0.0035431062 0.0004331204 -0.0011933034 0.9999991942 -0.0061076989
0.9999999112 -0.0004100763 -0.0000974037 -0.0087287331 0.0004101590 0.9999995542 0.0008505109 -0.0039582652 0.0000970549 -0.0008505508 0.9999996336 -0.0075294174
0.9999995967 -0.0002900973 0.0008499808 -0.0079493218 0.0002891948 0.9999993946 0.0010617109 0.0019058532 -0.0008502883 -0.0010614647 0.9999990752 -0.0184604700
0.9999994960 0.0001587405 0.0009914109 -0.0201934926 -0.0001590638 0.9999999342 0.0003260066 -0.0090750664 -0.0009913591 -0.0003261641 0.9999994554 -0.0220979604
0.9999992782 0.0001843073 0.0011872692 -0.0188270795 -0.0001844793 0.9999999725 0.0001447469 -0.0133834519 -0.0011872425 -0.0001449658 0.9999992847 -0.0195300065
0.9999995678 0.0000560891 0.0009279960 -0.0252547724 -0.0000561213 0.9999999978 0.0000347584 -0.0150110250 -0.0009279941 -0.0000348104 0.9999995688 -0.0219072022
0.9999994226 0.0003359555 0.0010207235 -0.0226896849 -0.0003363048 0.9999998849 0.0003421023 -0.0115698230 -0.0010206084 -0.0003424453 0.9999994205 -0.0186059527
0.9999998448 -0.0002663700 0.0004894261 -0.0158363243 0.0002660221 0.9999997120 0.0007108382 -0.0041412943 -0.0004896153 -0.0007107079 0.9999996276 -0.0105817690
0.9999998573 -0.0005307333 0.0000613351 -0.0116153986 0.0005306890 0.9999995998 0.0007202386 -0.0063910684 -0.0000617174 -0.0007202060 0.9999997387 -0.0158744815
0.9999998554 -0.0005342748 -0.0000615565 -0.0149947551 0.0005343202 0.9999995828 0.0007408301 -0.0076303546 0.0000611607 -0.0007408629 0.9999997237 -0.0070999498
0.9999998506 -0.0004729559 0.0002742267 -0.0134102409 0.0004727918 0.9999997092 0.0005983288 -0.0036162488 -0.0002745096 -0.0005981990 0.9999997834 -0.0080049210
0.9999999650 -0.0002143166 -0.0001553525 -0.0131138716 0.0002144154 0.9999997747 0.0006360348 -0.0009470066 0.0001552161 -0.0006360681 0.9999997857 -0.0076903695
0.9999995702 -0.0004134206 -0.0008299277 -0.0023349712 0.0004140508 0.9999996261 0.0007592159 -0.0036862633 0.0008296135 -0.0007595592 0.9999993674 0.0047861776
0.9999993027 -0.0002611255 -0.0011516960 0.0114568827 0.0002625409 0.9999992103 0.0012290238 0.0072571216 0.0011513742 -0.0012293253 0.9999985815 0.0076061927
0.9999992130 -0.0002358911 -0.0012321821 0.0327472584 0.0002378895 0.9999986564 0.0016219109 0.0044783165 0.0012317979 -0.0016222027 0.9999979256 -0.0024506968
0.9999983632 -0.0006957104 -0.0016702140 0.0357957455 0.0006984173 0.9999984429 0.0016206235 -0.0019856872 0.0016690840 -0.0016217874 0.9999972920 -0.0058679583
0.9999987123 -0.0002262543 -0.0015887479 0.0320100081 0.0002290065 0.9999984733 0.0017323364 -0.0065277653 0.0015883535 -0.0017326980 0.9999972374 0.0038832734
0.9999993720 -0.0005996147 -0.0009467724 0.0354618139 0.0006016549 0.9999974945 0.0021561506 -0.0204433022 0.0009454772 -0.0021567189 0.9999972273 -0.0004321292
0.9999947334 -0.0031804269 -0.0006466442 0.0318066960 0.0031817634 0.9999927825 0.0020763773 -0.0354323068 0.0006400358 -0.0020784238 0.9999976353 -0.0023096860
0.9999833324 -0.0056807325 -0.0010316155 0.0114799448 0.0056818955 0.9999832218 0.0011279540 -0.0474427340 0.0010251906 -0.0011337967 0.9999988317 -0.0175095732
0.9999865308 -0.0049356599 -0.0016054657 0.0022493375 0.0049298375 0.9999813302 -0.0036105203 -0.0831244264 0.0016232560 0.0036025570 0.9999921933 -0.0851100411
0.9999420626 -0.0068207057 -0.0083276276 0.0135690356 0.0067310160 0.9999195506 -0.0107510828 -0.0843505180 0.0084002876 0.0106944065 0.9999075281 -0.1844745602
0.9999524762 -0.0055125404 -0.0080409687 -0.0137608011 0.0054250932 0.9999263466 -0.0108567863 -0.1136386663 0.0081002249 0.0108126474 0.9999087323 -0.2118823772
0.9999379849 -0.0057195840 -0.0095557687 -0.0125506736 0.0056078631 0.9999160888 -0.0116776376 -0.1513500931 0.0096217581 0.0116233260 0.9998861536 -0.2931520074
0.9999577380 -0.0032349874 -0.0086056467 -0.0138508286 0.0030707222 0.9998141352 -0.0190332792 -0.1782495319 0.0086656197 0.0190060493 0.9997818148 -0.4564770115
0.9999933790 -0.0036388210 -0.0000320176 -0.0080089086 0.0036375959 0.9998203750 -0.0186006899 -0.2026422534 0.0000996964 0.0186004502 0.9998269917 -0.5023992186
0.9999904944 -0.0032584734 0.0028971421 -0.0341281248 0.0033178537 0.9997795385 -0.0207332181 -0.2497078642 -0.0028289448 0.0207426333 0.9997808461 -0.6004395270
0.9999762177 -0.0031751682 0.0061222879 -0.0305520342 0.0033151011 0.9997303532 -0.0229832774 -0.2779706066 -0.0060476613 0.0230030268 0.9997171033 -0.7388570116
0.9999567081 -0.0021080074 0.0090630151 -0.0420973734 0.0024161381 0.9994147104 -0.0341232907 -0.3232445719 -0.0089857784 0.0341437109 0.9993765370 -0.9252986050
0.9999818872 -0.0033856426 0.0049762184 -0.0544842566 0.0035797060 0.9992123256 -0.0395210597 -0.3582559648 -0.0048384945 0.0395381572 0.9992063466 -1.0127660311
0.9999933601 -0.0034312555 -0.0012272558 -0.0710568040 0.0033687000 0.9988521629 -0.0477808387 -0.4144266082 0.0013897954 0.0477763872 0.9988570895 -1.1976237061
0.9995555519 -0.0054331567 -0.0293117648 -0.0974093378 0.0039074823 0.9986468074 -0.0518583221 -0.4462033330 0.0295538547 0.0517207386 0.9982241907 -1.2532174675
0.9975690785 -0.0053939921 -0.0694754517 -0.1178652425 0.0013062762 0.9982719676 -0.0587483823 -0.4674914156 0.0696722842 0.0585148155 0.9958522929 -1.3431341814
0.9943444780 -0.0040504491 -0.1061256469 -0.1245920150 -0.0024038455 0.9981580780 -0.0606190796 -0.4923842647 0.1061757062 0.0605313568 0.9925032364 -1.4140511625
0.9903559616 -0.0028592682 -0.1385167642 -0.1323326452 -0.0048351374 0.9984647038 -0.0551802205 -0.5224129116 0.1384618750 0.0553178079 0.9888216469 -1.5061488334
0.9893953090 -0.0015169073 -0.1452398761 -0.1156456106 -0.0064807754 0.9984885682 -0.0545763577 -0.5418303960 0.1451031432 0.0549388593 0.9878900746 -1.6264008244
0.9901643059 -0.0022126305 -0.1398919279 -0.1028207484 -0.0049804875 0.9986837762 -0.0510481144 -0.5587794039 0.1398207494 0.0512427507 0.9888500081 -1.7209812556
0.9916140810 -0.0037451041 -0.1291800626 -0.0670865730 -0.0026412446 0.9987839339 -0.0492308567 -0.5890458468 0.1292073458 0.0491592069 0.9903983210 -1.8169538822
0.9938834592 -0.0034796703 -0.1103791714 -0.0513498498 -0.0015911208 0.9989485172 -0.0458184284 -0.6055374251 0.1104225426 0.0457138047 0.9928328712 -1.8479933710
0.9947554091 -0.0031113904 -0.1022350007 0.0139014911 -0.0015921305 0.9989450845 -0.0458931728 -0.6326807404 0.1022699430 0.0458152534 0.9937010724 -1.9686704684
0.9948711482 -0.0036719158 -0.1010837050 0.0729047458 -0.0014968910 0.9986969878 -0.0510106443 -0.6549135746 0.1011392985 0.0509003296 0.9935693226 -2.0461532128
0.9948914514 -0.0045167015 -0.1008493897 0.1320743034 -0.0013769302 0.9982985104 -0.0582939816 -0.6707056734 0.1009410920 0.0581350466 0.9931924347 -2.1046332990
0.9951637713 -0.0040473364 -0.0981462548 0.2023354024 -0.0022813518 0.9979290112 -0.0642843996 -0.6806272322 0.0982031756 0.0641974117 0.9930935649 -2.1429848106
0.9951743885 -0.0036611250 -0.0980537233 0.2886325106 -0.0028340292 0.9978142959 -0.0660196875 -0.7008738981 0.0980811132 0.0659789892 0.9929888560 -2.2066539484
0.9946714406 -0.0038098136 -0.1030252911 0.3761401726 -0.0024726486 0.9981479153 -0.0607834284 -0.7082260894 0.1030660531 0.0607142856 0.9928198045 -2.2172546811
0.9952905834 -0.0021921238 -0.0969115534 0.4743878366 -0.0027123211 0.9987230695 -0.0504467427 -0.7108274492 0.0968983896 0.0504720232 0.9940137207 -2.3038203025
0.9972287320 -0.0011754512 -0.0743873267 0.5824735714 -0.0023291653 0.9988917597 -0.0470088017 -0.7329220488 0.0743601442 0.0470517881 0.9961208251 -2.3894052506
0.9991840823 -0.0030806143 -0.0402700813 0.6861745937 0.0010504027 0.9987316295 -0.0503391394 -0.7392444120 0.0403740794 0.0502557670 0.9979199826 -2.4130189738
0.9998831993 -0.0052001822 -0.0143717008 0.7860654437 0.0043970304 0.9984566908 -0.0553615641 -0.7543473877 0.0146374111 0.0552919050 0.9983629357 -2.3982900910
0.9999296194 -0.0090543216 0.0076665196 0.8943224122 0.0094457317 0.9985678713 -0.0526591358 -0.7495419630 -0.0071787474 0.0527278455 0.9985831162 -2.3653750345
0.9996859760 -0.0126526411 0.0216300718 0.9780942517 0.0136218728 0.9988821097 -0.0452656112 -0.7467023243 -0.0210331622 0.0455460388 0.9987407894 -2.3451555643
0.9994394007 -0.0144672769 0.0301924206 1.0876363813 0.0154617544 0.9993367798 -0.0329686940 -0.7522142787 -0.0296954291 0.0334170395 0.9990002417 -2.3727773639
0.9993952283 -0.0165787816 0.0305666768 1.1742820506 0.0174602026 0.9994327409 -0.0287982255 -0.7591323736 -0.0300718981 0.0293145095 0.9991177811 -2.3663936311
0.9993625482 -0.0173652662 0.0311920624 1.2627342626 0.0181643461 0.9995092717 -0.0255200372 -0.7549313545 -0.0307335934 0.0260703528 0.9991875614 -2.3496783513
0.9996453856 -0.0189040615 0.0187547194 1.3439287059 0.0195000314 0.9992937711 -0.0321202096 -0.7726317384 -0.0181342719 0.0324745370 0.9993080369 -2.4167325977
0.9998045980 -0.0188871117 0.0058346150 1.4147899588 0.0191016041 0.9990487264 -0.0392016700 -0.7667408427 -0.0050886584 0.0393054604 0.9992142845 -2.3768793215
0.9997892815 -0.0188064772 -0.0082285515 1.4924848518 0.0183827184 0.9986367684 -0.0488536640 -0.7749108823 0.0091360994 0.0486921065 0.9987720513 -2.4130837614
0.9996245428 -0.0167192723 -0.0217080503 1.5646707425 0.0154796024 0.9983068278 -0.0560701304 -0.7915942706 0.0226087466 0.0557130465 0.9981908139 -2.4652390834
0.9994782550 -0.0147136512 -0.0287528492 1.6526622346 0.0130291051 0.9982361494 -0.0579209160 -0.7900794121 0.0295543617 0.0575160722 0.9979070303 -2.4681257641
0.9995661829 -0.0138786357 -0.0259774789 1.7354917275 0.0123765770 0.9982908795 -0.0571151493 -0.7896353644 0.0267257606 0.0567688595 0.9980295739 -2.5384874886
0.9998961013 -0.0143817035 0.0009763577 1.8109145527 0.0144128307 0.9985846661 -0.0511950672 -0.7822567250 -0.0002387036 0.0512038202 0.9986881955 -2.6132276576
0.9990291189 -0.0173777798 0.0404824953 1.8898570354 0.0190059857 0.9990113365 -0.0401885819 -0.7783973947 -0.0397440834 0.0409189733 0.9983716970 -2.7025478436
0.9981434496 -0.0184677460 0.0580396108 1.9327574170 0.0203500433 0.9992803819 -0.0320092808 -0.8053247873 -0.0574067051 0.0331309625 0.9978009869 -2.8498826139
0.9983207249 -0.0173292664 0.0552759147 1.9999806257 0.0194801558 0.9990643264 -0.0386134066 -0.8046811865 -0.0545550525 0.0396253475 0.9977241994 -3.0216449575
0.9991706674 -0.0159923917 0.0374462379 2.0635685373 0.0179182612 0.9985033187 -0.0516726086 -0.7952044352 -0.0365638242 0.0523007263 0.9979617832 -3.0260100810
0.9998204744 -0.0163132117 0.0096383618 2.1291954384 0.0168258500 0.9983032116 -0.0557457486 -0.7889819160 -0.0087126154 0.0558979144 0.9983984743 -3.0510716777
0.9994042341 -0.0167388458 -0.0301825765 2.1677082730 0.0154322219 0.9989551960 -0.0430158440 -0.7993216533 0.0308710772 0.0425244325 0.9986183702 -3.2028852104
0.9982563325 -0.0170198801 -0.0565209551 2.2181442814 0.0149486503 0.9992083266 -0.0368681159 -0.7969761358 0.0571036999 0.0359589181 0.9977204637 -3.4101493400
0.9977298155 -0.0180051604 -0.0648924455 2.2745851536 0.0153214973 0.9990160894 -0.0416185629 -0.8017077568 0.0655779460 0.0405298316 0.9970240046 -3.5479881085
0.9978020302 -0.0178973846 -0.0638027605 2.3341889337 0.0146081356 0.9985582859 -0.0516522213 -0.8123121601 0.0646352149 0.0506066519 0.9966249324 -3.6677580356
0.9982576888 -0.0197250504 -0.0556103334 2.4154687725 0.0160743889 0.9977331393 -0.0653467424 -0.8192054094 0.0567732403 0.0643389859 0.9963118458 -3.7796578286
0.9988563328 -0.0194286404 -0.0436870053 2.4750613566 0.0163461522 0.9974242104 -0.0698408745 -0.8285032671 0.0449313900 0.0690468853 0.9966010726 -3.8847392411
0.9992338345 -0.0199413950 -0.0336761749 2.5518245375 0.0175387343 0.9973792240 -0.0701931352 -0.8317457488 0.0349876662 0.0695487182 0.9969648133 -4.0212394181
0.9994838732 -0.0180838642 -0.0265511021 2.6271610978 0.0163057965 0.9977047719 -0.0657214505 -0.8299343508 0.0276786590 0.0652545930 0.9974847016 -4.1888370762
0.9996255929 -0.0176761633 -0.0208860544 2.7245361646 0.0164312279 0.9981612782 -0.0583444716 -0.8143547416 0.0218789572 0.0579794435 0.9980780006 -4.3558352374
0.9997366175 -0.0169211331 -0.0155038983 2.8070067287 0.0159975074 0.9981955860 -0.0578761760 -0.8138514171 0.0164552533 0.0576129087 0.9982033748 -4.5449225166
0.9997896564 -0.0177214458 -0.0103244069 2.8832645865 0.0170905986 0.9981538624 -0.0582818870 -0.8092994697 0.0113381859 0.0580931774 0.9982467772 -4.6416483828
0.9998075477 -0.0180916635 -0.0075867844 2.9623394813 0.0175995263 0.9980090052 -0.0605663455 -0.7980766398 0.0086674251 0.0604211655 0.9981353408 -4.7977467025
0.9997539971 -0.0177965204 0.0132374147 3.0429755217 0.0185445635 0.9981024527 -0.0587162085 -0.7942303949 -0.0121673518 0.0589472462 0.9981869453 -4.9625401848
0.9988322590 -0.0177336132 0.0449403753 3.1209879071 0.0205201655 0.9978450814 -0.0623226788 -0.7916785328 -0.0437383262 0.0631720860 0.9970437535 -5.1209832101
0.9981099607 -0.0181913252 0.0586990799 3.1877185645 0.0219119189 0.9977491282 -0.0633762182 -0.7892157513 -0.0574140584 0.0645426441 0.9962619500 -5.2166631757
0.9975672777 -0.0190382066 0.0670602203 3.2532868940 0.0231680189 0.9978471245 -0.0613543729 -0.7690560461 -0.0657477708 0.0627587672 0.9958607171 -5.3454788627
0.9974868456 -0.0194450100 0.0681313764 3.3074338227 0.0233264526 0.9981218140 -0.0566455745 -0.7549873284 -0.0669019392 0.0580924788 0.9960669628 -5.5080511690
0.9983676926 -0.0194259619 0.0537083091 3.3479464938 0.0224673206 0.9981431941 -0.0566161065 -0.7356504139 -0.0525087609 0.0577303734 0.9969503669 -5.6105348797
0.9992115341 -0.0190751222 0.0348202503 3.3806444941 0.0209486728 0.9983071029 -0.0542593909 -0.7258824216 -0.0337262986 0.0549460473 0.9979195702 -5.6927139703
0.9994718382 -0.0197261602 0.0258248559 3.4313334749 0.0210693201 0.9983820025 -0.0528153475 -0.6990436468 -0.0247412274 0.0533315646 0.9982703120 -5.8202147343
0.9990169651 -0.0204487907 0.0393312914 3.4615352828 0.0224454988 0.9984457031 -0.0510135026 -0.6800091715 -0.0382269945 0.0518461650 0.9979231794 -5.9731626374
0.9970118916 -0.0211155421 0.0743062710 3.4805904270 0.0250281616 0.9983269259 -0.0521242751 -0.6639972910 -0.0730813187 0.0538282715 0.9958723001 -6.0610020224
0.9919460893 -0.0210395479 0.1249011344 3.5007552939 0.0276660409 0.9982866857 -0.0515585432 -0.6495166017 -0.1236023711 0.0545988152 0.9908286548 -6.1638614892
0.9862536706 -0.0198941960 0.1640363321 3.5054983798 0.0279004561 0.9985216216 -0.0466490703 -0.6427607641 -0.1628657785 0.0505845052 0.9853506716 -6.2820298586
0.9901562119 -0.0191940287 0.1386443842 3.4908063943 0.0258880445 0.9985762012 -0.0466409646 -0.6167684557 -0.1375517545 0.0497710728 0.9892433245 -6.3660754228
0.9965469402 -0.0188362282 0.0808665106 3.4651463752 0.0226201081 0.9986791454 -0.0461334512 -0.5898678452 -0.0798907175 0.0478033589 0.9956567240 -6.5162181035
0.9998114796 -0.0189438751 0.0042585117 3.4095478879 0.0191094644 0.9988941143 -0.0429578494 -0.5719519531 -0.0034400141 0.0430311289 0.9990678096 -6.5626827219
0.9983615447 -0.0185715060 -0.0541232407 3.3654248063 0.0163672799 0.9990296475 -0.0408885761 -0.5333572553 0.0548300845 0.0399357318 0.9976967471 -6.7703312200
0.9965034189 -0.0168462652 -0.0818360526 3.3386587851 0.0140608836 0.9993059860 -0.0344940275 -0.5247792304 0.0823603528 0.0332227291 0.9960487049 -6.8070044820
0.9957260246 -0.0160829264 -0.0909451674 3.3221525662 0.0135409971 0.9995021161 -0.0284984443 -0.5000570766 0.0913582257 0.0271451544 0.9954480475 -6.9592040587
0.9961518347 -0.0189990327 -0.0855602647 3.3198149942 0.0167018897 0.9994826891 -0.0274845597 -0.4623291898 0.0860381834 0.0259497765 0.9959538343 -7.1438865198
0.9968818762 -0.0217558401 -0.0758499061 3.3042011399 0.0192219412 0.9992377055 -0.0339783009 -0.4606104880 0.0765313127 0.0324143699 0.9965401481 -7.3251831621
0.9977039242 -0.0257396519 -0.0626446323 3.3016113690 0.0227178654 0.9985657504 -0.0484803137 -0.4413045593 0.0638026506 0.0469458470 0.9968577176 -7.4200514847
0.9986565476 -0.0272385051 -0.0440813313 3.3112560931 0.0243783973 0.9976412982 -0.0641680126 -0.4241729478 0.0457251973 0.0630071738 0.9969650457 -7.4975968128
0.9992892329 -0.0274775612 -0.0258072224 3.3296444791 0.0255461452 0.9970483847 -0.0724010566 -0.3983624158 0.0277204539 0.0716903212 0.9970416613 -7.5865876016
0.9995799865 -0.0269463830 -0.0106650354 3.3451585587 0.0261292620 0.9971698436 -0.0704951393 -0.3777523033 0.0125344407 0.0701868609 0.9974551079 -7.7089643732
0.9996732829 -0.0252706001 0.0038372180 3.3727676979 0.0254605181 0.9977371451 -0.0622282201 -0.3419341644 -0.0022559905 0.0623055866 0.9980545698 -7.8453545956
0.9995632110 -0.0250796827 0.0156331923 3.3962553011 0.0258254184 0.9984411049 -0.0494813891 -0.2997869596 -0.0143678442 0.0498635099 0.9986526901 -7.9802741070
0.9993120351 -0.0255877669 0.0268462798 3.4247204137 0.0265497626 0.9989950494 -0.0361109584 -0.2692668383 -0.0258953018 0.0367988777 0.9989871250 -8.1393545302
0.9990654084 -0.0258008201 0.0346789200 3.4323314125 0.0268252565 0.9992074945 -0.0294072881 -0.2273546502 -0.0338927046 0.0303100752 0.9989657571 -8.2832595005
0.9988713772 -0.0256238320 0.0399923886 3.4401017126 0.0267409532 0.9992598448 -0.0276529218 -0.1978936617 -0.0392542142 0.0286911467 0.9988172630 -8.3618976023
0.9990980045 -0.0253097941 0.0340967991 3.4597998336 0.0262259220 0.9992995544 -0.0266945975 -0.1514931149 -0.0333972814 0.0275647391 0.9990619634 -8.4535747627
0.9993093076 -0.0262237389 0.0263291349 3.4647111295 0.0268445859 0.9993631129 -0.0235103530 -0.1124630418 -0.0256958369 0.0242009093 0.9993768258 -8.5184803287
0.9994885484 -0.0268267881 0.0174058922 3.4654083673 0.0270410806 0.9995599320 -0.0121951763 -0.0865978941 -0.0170710750 0.0126596132 0.9997741308 -8.6440763411
0.9995734210 -0.0268898998 0.0113977755 3.4686690805 0.0269579686 0.9996193851 -0.0058611244 -0.0597744436 -0.0112358323 0.0061658851 0.9999178656 -8.8434090146
0.9995590611 -0.0280147644 0.0098415669 3.4661278705 0.0280901008 0.9995764888 -0.0076019286 -0.0213349359 -0.0096244327 0.0078750272 0.9999226741 -8.9372495906
0.9996026851 -0.0272890382 0.0070555217 3.4661273573 0.0273651431 0.9995658031 -0.0109249383 0.0104034088 -0.0067543272 0.0111136730 0.9999154291 -9.0665355480
0.9996127119 -0.0276478170 0.0031661473 3.4582493585 0.0276935398 0.9994971363 -0.0154448185 0.0306441582 -0.0027375396 0.0155265187 0.9998757088 -9.1441373207
