1.0000000000 0.0000000000 0.0000000000 0.0000000000 0.0000000000 1.0000000000 0.0000000000 0.0000000000 0.0000000000 0.0000000000 1.0000000000 0.0000000000
0.9999996168 0.0000209810 0.0008751499 0.0041504895 -0.0000206852 0.9999999427 -0.0003379954 -0.0042306028 -0.0008751570 0.0003379771 0.9999995599 0.0028032466
0.9999997398 0.0000691227 0.0007180522 0.0029015735 -0.0000690580 0.9999999936 -0.0000900762 0.0012187191 -0.0007180584 0.0000900266 0.9999997381 0.0081676912
0.9999998805 -0.0000655777 0.0004844464 0.0072119259 0.0000655547 0.9999999967 0.0000474942 0.0045971353 -0.0004844495 -0.0000474624 0.9999998815 0.0035686093
0.9999998615 0.0000676115 0.0005220097 0.0107029623 -0.0000676899 0.9999999864 0.0001501074 -0.0032414747 -0.0005219996 -0.0001501427 0.9999998525 0.0038443793
0.9999997540 0.0000853703 0.0006961634 0.0126217577 -0.0000852252 0.9999999746 -0.0002084228 0.0005379750 -0.0006961811 0.0002083634 0.9999997360 -0.0046379649
0.9999997628 -0.0001296480 0.0006764939 0.0187487444 0.0001296967 0.9999999890 -0.0000720235 -0.0061127465 -0.0006764845 0.0000721112 0.9999997686 0.0048960655
0.9999998748 -0.0001145401 0.0004870822 0.0135029374 0.0001147923 0.9999998593 -0.0005178196 -0.0051523514 -0.0004870228 0.0005178755 0.9999997473 -0.0022808676
0.9999997775 -0.0000306693 0.0006664146 0.0117304073 0.0000307133 0.9999999973 -0.0000660665 0.0091938832 -0.0006664126 0.0000660870 0.9999997758 0.0015080263
0.9999998929 0.0001506964 0.0004374864 0.0098919011 -0.0001505758 0.9999999506 -0.0002758155 0.0082140438 -0.0004375280 0.0002757496 0.9999998663 0.0012710855
0.9999999206 -0.0000454794 0.0003958172 0.0061655265 0.0000455388 0.9999999877 -0.0001501758 0.0089270471 -0.0003958104 0.0001501938 0.9999999104 0.0056957246
0.9999997266 -0.0000713097 0.0007359729 0.0007880396 0.0000714473 0.9999999800 -0.0001869527 0.0084446795 -0.0007359596 0.0001870052 0.9999997117 0.0040710293
0.9999996797 -0.0002036990 0.0007740506 -0.0021484642 0.0002038636 0.9999999566 -0.0002125783 0.0063416960 -0.0007740073 0.0002127360 0.9999996778 0.0026865754
0.9999997866 -0.0000629522 0.0006502535 -0.0002004285 0.0000630781 0.9999999793 -0.0001935807 0.0012829822 -0.0006502413 0.0001936217 0.9999997698 -0.0033710568
0.9999997630 -0.0000741296 0.0006844950 -0.0005390578 0.0000741635 0.9999999960 -0.0000494217 -0.0049037743 -0.0006844913 0.0000494725 0.9999997645 -0.0003047444
0.9999998456 -0.0000790474 0.0005500265 -0.0032863666 0.0000791180 0.9999999886 -0.0001284500 -0.0043290796 -0.0005500164 0.0001284935 0.9999998405 0.0038070155
0.9999998814 0.0000611923 0.0004832086 -0.0037743466 -0.0000611058 0.9999999821 -0.0001789335 -0.0071238245 -0.0004832195 0.0001789040 0.9999998672 0.0042309523
0.9999998820 -0.0000115872 0.0004856078 0.0065975966 0.0000116527 0.9999999908 -0.0001348265 0.0006302710 -0.0004856062 0.0001348321 0.9999998730 0.0076370970
0.9999998331 0.0000835326 0.0005715975 0.0077490656 -0.0000835000 0.9999999949 -0.0000571709 0.0031580454 -0.0005716023 0.0000571231 0.9999998350 0.0140982117
0.9999999181 -0.0000759169 0.0003976563 0.0127980865 0.0000759758 0.9999999862 -0.0001479516 0.0018551014 -0.0003976451 0.0001479818 0.9999999100 0.0088526016
0.9999999194 0.0001267651 0.0003809082 0.0091401877 -0.0001268563 0.9999999633 0.0002392477 0.0012246766 -0.0003808779 -0.0002392960 0.9999998988 0.0024063500
0.9999997407 -0.0000803049 0.0007155777 0.0111853280 0.0000803711 0.9999999925 -0.0000924090 -0.0019957642 -0.0007155702 0.0000924665 0.9999997397 0.0009883507
0.9999999543 0.0000052693 0.0003022348 0.0186551374 -0.0000053083 0.9999999917 0.0001291131 -0.0115750258 -0.0003022341 -0.0001291147 0.9999999460 0.0037126969
0.9999998018 0.0000551977 0.0006272206 0.0201747050 -0.0000549506 0.9999999209 -0.0003938457 -0.0105999210 -0.0006272422 0.0003938112 0.9999997257 -0.0057130111
0.9999999620 -0.0000983478 0.0002577151 0.0269139000 0.0000983555 0.9999999947 -0.0000298614 -0.0107755029 -0.0002577121 0.0000298868 0.9999999663 0.0055056479
0.9999999685 0.0001306546 0.0002140826 0.0178436963 -0.0001306145 0.9999999739 -0.0001874131 -0.0102566698 -0.0002141071 0.0001873851 0.9999999595 -0.0040164025
0.9999999560 -0.0000265383 0.0002955846 0.0247723312 0.0000265426 0.9999999995 -0.0000146538 -0.0132521532 -0.0002955842 0.0000146616 0.9999999562 0.0034880037
0.9999998746 0.0000427889 0.0004990037 0.0233335794 -0.0000426817 0.9999999760 -0.0002150048 -0.0079359699 -0.0004990129 0.0002149834 0.9999998524 -0.0086492480
0.9999999689 0.0000964872 0.0002298391 0.0221394381 -0.0000965174 0.9999999867 0.0001315583 -0.0102550636 -0.0002298264 -0.0001315805 0.9999999649 0.0009988449
0.9999999699 -0.0000220252 0.0002442007 0.0197485529 0.0000220553 0.9999999922 -0.0001229722 -0.0107702428 -0.0002441980 0.0001229776 0.9999999626 0.0049831526
0.9999999012 -0.0000419456 0.0004425330 0.0238650936 0.0000420204 0.9999999848 -0.0001690364 -0.0182613465 -0.0004425259 0.0001690550 0.9999998878 -0.0038701584
0.9999999510 0.0001912033 0.0002477125 0.0208842657 -0.0001911704 0.9999999729 -0.0001326772 -0.0102409965 -0.0002477378 0.0001326299 0.9999999605 0.0057831190
0.9999998667 -0.0000489938 0.0005139660 0.0254469463 0.0000491181 0.9999999695 -0.0002418954 -0.0174702599 -0.0005139542 0.0002419206 0.9999998387 0.0043849497
0.9999999572 0.0000581596 0.0002868486 0.0199535592 -0.0000581584 0.9999999983 -0.0000042435 -0.0068947274 -0.0002868488 0.0000042268 0.9999999588 -0.0044794607
0.9999999658 -0.0000343522 0.0002593552 0.0172534393 0.0000342860 0.9999999668 0.0002552135 -0.0100356613 -0.0002593640 -0.0002552046 0.9999999338 0.0063730515
0.9999998943 0.0000515237 0.0004568823 0.0207432487 -0.0000513634 0.9999999371 -0.0003508787 -0.0122966812 -0.0004569004 0.0003508552 0.9999998341 -0.0026426526
0.9999998842 -0.0000228119 0.0004807304 0.0187055446 0.0000228061 0.9999999997 0.0000119918 -0.0146214229 -0.0004807307 -0.0000119808 0.9999998844 0.0082898858
0.9999998311 0.0000810971 0.0005755898 0.0231608395 -0.0000810256 0.9999999890 -0.0001242435 -0.0114063874 -0.0005755999 0.0001241969 0.9999998266 0.0020166407
0.9999998566 -0.0000624640 0.0005317908 0.0179717591 0.0000624973 0.9999999961 -0.0000626597 -0.0157966005 -0.0005317869 0.0000626929 0.9999998566 0.0027824065
0.9999998685 -0.0001542856 0.0004891625 0.0207657384 0.0001544451 0.9999999349 -0.0003261293 -0.0147410206 -0.0004891121 0.0003262049 0.9999998272 -0.0004805433
0.9999998458 0.0000597879 0.0005520296 0.0230633918 -0.0000598287 0.9999999955 0.0000739272 -0.0074868851 -0.0005520252 -0.0000739602 0.9999998449 0.0080701111
0.9999997994 -0.0001249360 0.0006208996 0.0210674136 0.0001249879 0.9999999887 -0.0000835386 -0.0073087746 -0.0006208891 0.0000836161 0.9999998038 0.0043876883
0.9999998254 -0.0000337317 0.0005900066 0.0163171685 0.0000337440 0.9999999992 -0.0000207940 -0.0006064896 -0.0005900059 0.0000208139 0.9999998257 0.0045481067
0.9999999354 -0.0000143706 0.0003592390 0.0137088264 0.0000143917 0.9999999982 -0.0000587709 -0.0008910263 -0.0003592381 0.0000587761 0.9999999337 0.0064737097
0.9999999110 0.0000418121 0.0004197540 0.0123249778 -0.0000418407 0.9999999968 0.0000681512 0.0022531246 -0.0004197511 -0.0000681688 0.9999999096 0.0055627142
0.9999998644 0.0000042041 0.0005207901 0.0122958778 -0.0000041489 0.9999999944 -0.0001058876 -0.0013088517 -0.0005207906 0.0001058854 0.9999998588 0.0033458538
0.9999998621 0.0000173397 0.0005248268 0.0093137521 -0.0000173613 0.9999999990 0.0000411054 0.0018938176 -0.0005248261 -0.0000411145 0.9999998614 0.0044719020
0.9999998777 0.0000334789 0.0004934570 0.0095457612 -0.0000333766 0.9999999779 -0.0002074185 0.0004476972 -0.0004934639 0.0002074020 0.9999998567 0.0036011758
0.9999997171 0.0000162889 0.0007519620 0.0103692426 -0.0000162288 0.9999999967 -0.0000798967 0.0012222125 -0.0007519633 0.0000798845 0.9999997141 0.0051697231
0.9999999031 0.0000847786 0.0004320592 0.0080532538 -0.0000846851 0.9999999730 -0.0002164444 -0.0049448468 -0.0004320775 0.0002164078 0.9999998832 0.0016781718
0.9999998708 -0.0000665274 0.0005039320 0.0102961229 0.0000664826 0.9999999938 0.0000888806 0.0041638912 -0.0005039379 -0.0000888471 0.9999998691 0.0017377243
0.9999998443 0.0001911475 0.0005242284 0.0051875361 -0.0001910298 0.9999999566 -0.0002244309 -0.0000006222 -0.0005242712 0.0002243307 0.9999998374 0.0030007677
0.9999997769 0.0000042156 0.0006679286 0.0097288814 -0.0000040975 0.9999999844 -0.0001767337 -0.0000604678 -0.0006679294 0.0001767309 0.9999997613 0.0044970458
0.9999998413 -0.0000739132 0.0005584900 0.0060813483 0.0000738253 0.9999999849 0.0001574546 0.0082566575 -0.0005585016 -0.0001574133 0.9999998316 0.0008006238
0.9999999165 0.0001409128 0.0003835919 0.0062875458 -0.0001409403 0.9999999875 0.0000717094 0.0026357662 -0.0003835818 -0.0000717634 0.9999999239 0.0031341763
0.9999998503 -0.0000566778 0.0005441519 0.0091482546 0.0000566572 0.9999999977 0.0000379654 0.0039031185 -0.0005441541 -0.0000379345 0.9999998512 0.0030482871
0.9999998645 -0.0000140547 0.0005203400 0.0083501411 0.0000140993 0.9999999962 -0.0000855741 0.0011590646 -0.0005203388 0.0000855815 0.9999998610 0.0010099820
0.9999997454 -0.0000723108 0.0007099533 0.0109405460 0.0000722762 0.9999999962 0.0000487529 0.0019982146 -0.0007099569 -0.0000487016 0.9999997468 0.0031467583
0.9999997452 0.0000943233 0.0007075784 0.0075641231 -0.0000942185 0.9999999846 -0.0001481709 0.0033838780 -0.0007075924 0.0001481042 0.9999997387 0.0026047300
0.9999995511 -0.0001347196 0.0009379428 0.0113382894 0.0001347723 0.9999999893 -0.0000562020 0.0016231902 -0.0009379353 0.0000563284 0.9999995586 0.0050291453
0.9999997388 0.0000707123 0.0007193290 0.0079309614 -0.0000706228 0.9999999898 -0.0001244589 0.0009961324 -0.0007193378 0.0001244080 0.9999997335 0.0028111146
0.9999997728 -0.0001152782 0.0006641173 0.0081777117 0.0001152903 0.9999999932 -0.0000181914 0.0005018421 -0.0006641152 0.0000182679 0.9999997793 0.0025445762
0.9999999273 0.0001070084 0.0003659701 0.0058504536 -0.0001070266 0.9999999930 0.0000495811 0.0033173361 -0.0003659648 -0.0000496202 0.9999999318 0.0018562001
0.9999997574 -0.0000465993 0.0006949909 0.0094632882 0.0000465524 0.9999999966 0.0000675578 0.0018939786 -0.0006949940 -0.0000675254 0.9999997562 0.0024424230
0.9999998571 -0.0000246078 0.0005341103 0.0061602106 0.0000247172 0.9999999787 -0.0002048300 0.0016655664 -0.0005341052 0.0002048432 0.9999998364 0.0019672174
0.9999998191 0.0001236066 0.0005885883 0.0059857018 -0.0001237047 0.9999999785 0.0001666712 0.0066448533 -0.0005885677 -0.0001667440 0.9999998129 0.0010752774
0.9999997713 0.0001480329 0.0006599119 0.0110698716 -0.0001480114 0.9999999885 -0.0000326271 0.0038725540 -0.0006599167 0.0000325294 0.9999997817 0.0002407868
0.9999996501 0.0000938370 0.0008312845 0.0088172652 -0.0000937321 0.9999999876 -0.0001261750 0.0008033216 -0.0008312963 0.0001260970 0.9999996465 0.0070903502
0.9999999439 -0.0000263093 0.0003338350 0.0079355357 0.0000263848 0.9999999741 -0.0002259912 0.0021929062 -0.0003338291 0.0002260000 0.9999999187 0.0008016501
0.9999997848 0.0000793232 0.0006512820 0.0068234391 -0.0000793845 0.9999999924 0.0000941029 -0.0003818370 -0.0006512745 -0.0000941546 0.9999997835 0.0028082150
0.9999998441 0.0000739085 0.0005534485 0.0067511338 -0.0000738579 0.9999999931 -0.0000914524 0.0025324780 -0.0005534552 0.0000914115 0.9999998427 0.0008828534
0.9999998468 -0.0000120433 0.0005533574 0.0063283229 0.0000121299 0.9999999877 -0.0001565943 0.0008659096 -0.0005533555 0.0001566010 0.9999998346 0.0029339952
0.9999998497 0.0000576559 0.0005452672 0.0074695905 -0.0000576334 0.9999999975 -0.0000413148 0.0061324176 -0.0005452696 0.0000412834 0.9999998505 0.0023235104
0.9999997762 0.0001478131 0.0006524890 0.0084667536 -0.0001477962 0.9999999887 -0.0000259097 0.0042657394 -0.0006524928 0.0000258133 0.9999997868 0.0028592051
0.9999997904 0.0001532308 0.0006291126 0.0090553086 -0.0001531858 0.9999999857 -0.0000714753 -0.0003488555 -0.0006291236 0.0000713789 0.9999997996 0.0041782108
0.9999999010 0.0000568132 0.0004412605 0.0028648063 -0.0000568172 0.9999999983 0.0000089233 0.0037610574 -0.0004412600 -0.0000089483 0.9999999026 0.0039556283
0.9999997192 -0.0000380312 0.0007485004 0.0065241224 0.0000379214 0.9999999885 0.0001466893 0.0069817224 -0.0007485059 -0.0001466609 0.9999997091 0.0042847573
0.9999998584 0.0000521970 0.0005296586 0.0087563464 -0.0000521623 0.9999999965 -0.0000653987 0.0070933737 -0.0005296620 0.0000653711 0.9999998576 0.0024613047
0.9999997493 0.0001368902 0.0006947509 0.0076373104 -0.0001370051 0.9999999769 0.0001653441 0.0037959250 -0.0006947283 -0.0001654392 0.9999997450 0.0036736649
0.9999999248 -0.0000209151 0.0003871951 0.0079216812 0.0000209990 0.9999999763 -0.0002164840 0.0028975485 -0.0003871906 0.0002164921 0.9999999016 0.0035455502
0.9999998019 0.0001051472 0.0006205521 0.0072713290 -0.0001051061 0.9999999923 -0.0000662503 0.0028780697 -0.0006205591 0.0000661851 0.9999998053 0.0059055433
0.9999997829 0.0001032455 0.0006507978 0.0121658894 -0.0001031374 0.9999999809 -0.0001661813 0.0012823600 -0.0006508150 0.0001661141 0.9999997744 0.0037381516
0.9999997830 0.0002290269 0.0006176332 0.0080320852 -0.0002291952 0.9999999366 0.0002724726 0.0069660654 -0.0006175707 -0.0002726141 0.9999997721 0.0018205532
0.9999997936 0.0000300022 0.0006418546 0.0085698377 -0.0000299983 0.9999999995 -0.0000061144 0.0050167098 -0.0006418548 0.0000060951 0.9999997940 0.0011249422
0.9999997839 0.0000166212 0.0006572418 0.0075788443 -0.0000166692 0.9999999972 0.0000729506 0.0068856802 -0.0006572406 -0.0000729616 0.9999997814 0.0038084296
0.9999997109 0.0000190726 0.0007601545 0.0076202745 -0.0000189482 0.9999999864 -0.0001637465 0.0034073252 -0.0007601576 0.0001637321 0.9999996977 0.0038580122
0.9999996921 0.0001566421 0.0007689709 0.0089979621 -0.0001564942 0.9999999693 -0.0001923453 -0.0021989896 -0.0007690010 0.0001922249 0.9999996858 0.0043320814
0.9999997399 -0.0000159418 0.0007210313 0.0118872515 0.0000160824 0.9999999809 -0.0001949545 -0.0012542448 -0.0007210282 0.0001949661 0.9999997211 0.0020550567
0.9999997393 0.0000958111 0.0007156821 0.0083492319 -0.0000957177 0.9999999869 -0.0001304945 -0.0005486845 -0.0007156946 0.0001304259 0.9999997354 0.0044368175
0.9999998450 -0.0001510326 0.0005358657 0.0105776547 0.0001512248 0.9999999243 -0.0003586066 -0.0040404357 -0.0005358115 0.0003586876 0.9999997921 0.0049250315
0.9999997761 -0.0000424410 0.0006678900 0.0084038366 0.0000427060 0.9999999204 -0.0003967553 -0.0055501978 -0.0006678731 0.0003967837 0.9999996983 0.0057683779
0.9999997916 -0.0000269135 0.0006449655 0.0096645052 0.0000271652 0.9999999235 -0.0003902031 -0.0039114680 -0.0006449550 0.0003902206 0.9999997159 0.0026587099
0.9999996979 -0.0001643086 0.0007597882 0.0098242000 0.0001644684 0.9999999644 -0.0002103173 -0.0014469407 -0.0007597536 0.0002104422 0.9999996892 0.0039280018
0.9999997842 -0.0001286232 0.0006442474 0.0075372101 0.0001288341 0.9999999381 -0.0003273796 -0.0014684083 -0.0006442052 0.0003274625 0.9999997389 0.0001422282
0.9999998929 -0.0000433219 0.0004608306 0.0036916210 0.0000433611 0.9999999954 -0.0000851779 0.0048031736 -0.0004608269 0.0000851979 0.9999998902 0.0044846431
0.9999998466 0.0000354373 0.0005528383 0.0061740364 -0.0000353610 0.9999999898 -0.0001381528 0.0023346893 -0.0005528432 0.0001381332 0.9999998376 0.0026745103
0.9999997522 -0.0000326010 0.0007031924 0.0105690985 0.0000326806 0.9999999931 -0.0001130963 0.0004323804 -0.0007031887 0.0001131192 0.9999997464 0.0002073751
0.9999997521 0.0001519812 0.0006875740 0.0057994057 -0.0001520028 0.9999999880 0.0000313063 -0.0005660571 -0.0006875693 -0.0000314108 0.9999997631 0.0047721570
0.9999997882 0.0001041503 0.0006425030 0.0083409244 -0.0001040427 0.9999999805 -0.0001675826 0.0015508405 -0.0006425204 0.0001675157 0.9999997796 -0.0018617833
0.9999997674 0.0001104515 0.0006731101 0.0103484217 -0.0001104691 0.9999999936 0.0000260650 0.0029491914 -0.0006731072 -0.0000261393 0.9999997731 0.0014622565
0.9999998500 0.0001133449 0.0005358903 0.0132116176 -0.0001133309 0.9999999932 -0.0000261886 0.0052417547 -0.0005358932 0.0000261278 0.9999998561 -0.0002895940
0.9999996381 -0.0000621942 0.0008485431 0.0075550181 0.0000622778 0.9999999932 -0.0000986062 -0.0001166129 -0.0008485369 0.0000986591 0.9999996351 0.0049377415
0.9999998534 -0.0000816555 0.0005352360 0.0069928765 0.0000817588 0.9999999780 -0.0001929351 0.0011433211 -0.0005352202 0.0001929789 0.9999998381 0.0033195176
0.9999996173 -0.0000422183 0.0008738747 0.0098101658 0.0000422563 0.9999999982 -0.0000434694 0.0047725411 -0.0008738729 0.0000435063 0.9999996172 0.0023252321
0.9999998352 0.0000771677 0.0005688570 0.0099056251 -0.0000771508 0.9999999966 -0.0000297210 0.0026329897 -0.0005688593 0.0000296771 0.9999998378 0.0020679582
0.9999996489 -0.0000656021 0.0008353706 0.0094440374 0.0000658127 0.9999999661 -0.0002521038 -0.0032603655 -0.0008353541 0.0002521587 0.9999996193 0.0052096146
0.9999997356 -0.0000596021 0.0007246985 0.0106680367 0.0000597220 0.9999999845 -0.0001654128 0.0007411831 -0.0007246886 0.0001654561 0.9999997237 0.0042032219
0.9999997736 0.0001543649 0.0006548868 0.0085388209 -0.0001542390 0.9999999696 -0.0001922726 -0.0014231732 -0.0006549164 0.0001921716 0.9999997671 0.0024789275
0.9999998066 0.0000000569 0.0006219206 0.0112415064 0.0000000771 0.9999999768 -0.0002155932 -0.0033894940 -0.0006219206 0.0002155932 0.9999997834 0.0020647610
0.9999997265 0.0000434991 0.0007383495 0.0093803960 -0.0000434924 0.9999999990 -0.0000091970 -0.0002823565 -0.0007383499 0.0000091649 0.9999997274 0.0022189471
0.9999998467 0.0000845017 0.0005472929 0.0102194977 -0.0000845002 0.9999999964 -0.0000028259 0.0033002806 -0.0005472931 0.0000027797 0.9999998502 0.0009363570
0.9999998242 0.0001208779 0.0005805799 0.0082354108 -0.0001208500 0.9999999915 -0.0000481120 0.0068245436 -0.0005805857 0.0000480418 0.9999998303 0.0035737703
0.9999996386 0.0000379123 0.0008492949 0.0111035672 -0.0000378063 0.9999999915 -0.0001247926 -0.0003098289 -0.0008492997 0.0001247604 0.9999996316 0.0056170249
0.9999998595 -0.0000229226 0.0005296145 0.0094184970 0.0000228972 0.9999999986 0.0000479922 0.0038461173 -0.0005296156 -0.0000479801 0.9999998586 0.0006574103
0.9999998165 -0.0001002188 0.0005973998 0.0077325860 0.0001002293 0.9999999948 -0.0000176086 0.0019292018 -0.0005973980 0.0000176685 0.9999998214 0.0027557868
0.9999998630 0.0002157709 0.0004768952 0.0064269090 -0.0002157554 0.9999999762 -0.0000324902 0.0025068665 -0.0004769022 0.0000323874 0.9999998858 0.0034203420
0.9999998847 -0.0000995700 0.0004697777 0.0064041129 0.0000995741 0.9999999950 -0.0000086891 0.0021513402 -0.0004697768 0.0000087359 0.9999998896 0.0014152392
0.9999998580 -0.0000943460 0.0005245367 0.0085835349 0.0000943785 0.9999999936 -0.0000619462 -0.0005151685 -0.0005245308 0.0000619957 0.9999998605 0.0016965395
0.9999997952 0.0001137238 0.0006297640 0.0082009089 -0.0001137653 0.9999999914 0.0000659367 0.0017206027 -0.0006297565 -0.0000660084 0.9999997995 0.0039561929
0.9999997336 0.0001846783 0.0007062351 0.0091567782 -0.0001846606 0.9999999826 -0.0000251787 0.0001348749 -0.0007062398 0.0000250483 0.9999997503 0.0040662208
0.9999997361 0.0000393655 0.0007254312 0.0091589023 -0.0000392863 0.9999999933 -0.0001092971 0.0012270618 -0.0007254355 0.0001092686 0.9999997309 0.0037031457
0.9999997366 -0.0001993845 0.0006978445 0.0060640933 0.0001993112 0.9999999746 0.0001050849 0.0023664865 -0.0006978654 -0.0001049458 0.9999997510 0.0042809988
0.9999998349 -0.0001727558 0.0005479929 0.0094823780 0.0001727241 0.9999999834 0.0000579100 0.0024008145 -0.0005480029 -0.0000578154 0.9999998482 0.0037320873
0.9999998059 0.0000592718 0.0006202596 0.0093596506 -0.0000593320 0.9999999935 0.0000970777 -0.0007294851 -0.0006202538 -0.0000971145 0.9999998029 0.0017704039
0.9999997441 -0.0000497741 0.0007136034 0.0097774459 0.0000497790 0.9999999987 -0.0000069492 0.0023861999 -0.0007136030 0.0000069847 0.9999997454 0.0020321357
0.9999997457 -0.0000614624 0.0007105180 0.0073867624 0.0000614855 0.9999999976 -0.0000325359 -0.0003924721 -0.0007105160 0.0000325796 0.9999997471 0.0056400608
0.9999996036 0.0000096053 0.0008903795 0.0099366523 -0.0000095748 0.9999999994 -0.0000343256 0.0022519733 -0.0008903798 0.0000343170 0.9999996030 0.0037676545
0.9999997895 -0.0001266651 0.0006363877 0.0088098097 0.0001265529 0.9999999764 0.0001763116 0.0017995874 -0.0006364100 -0.0001762310 0.9999997820 0.0046871622
0.9999999017 -0.0000389981 0.0004417693 0.0046687138 0.0000389326 0.9999999882 0.0001483830 0.0021104177 -0.0004417751 -0.0001483658 0.9999998914 -0.0008399392
0.9999997063 -0.0001831373 0.0007442572 0.0101845207 0.0001831713 0.9999999822 -0.0000455964 0.0029632508 -0.0007442489 0.0000457327 0.9999997220 0.0055319765
0.9999998593 -0.0000967824 0.0005215259 0.0080248512 0.0000968351 0.9999999902 -0.0001009010 0.0064605779 -0.0005215161 0.0001009515 0.9999998589 0.0030922780
0.9999998407 -0.0001624971 0.0005405448 0.0047184487 0.0001624520 0.9999999833 0.0000834199 0.0008127026 -0.0005405584 -0.0000833320 0.9999998504 0.0050619463
0.9999998518 0.0003893035 0.0003806302 0.0000410072 -0.0003892153 0.9999998974 -0.0002316713 -0.0022549948 -0.0003807203 0.0002315231 0.9999999007 -0.0046600056
0.9999992451 0.0002224017 0.0012084070 0.0200597997 -0.0002227370 0.9999999367 0.0002772994 0.0065116401 -0.0012083452 -0.0002775684 0.9999992314 0.0018261538
0.9999997063 -0.0005292993 0.0005542460 0.0037592380 0.0005292013 0.9999998443 0.0001769764 0.0050351074 -0.0005543396 -0.0001766830 0.9999998307 0.0007528416
0.9999999005 0.0000762389 0.0004395353 0.0018079021 -0.0000762089 0.9999999948 -0.0000683489 -0.0016889604 -0.0004395405 0.0000683154 0.9999999011 0.0038984579
0.9999997093 0.0004953694 0.0005796240 0.0136665637 -0.0004952748 0.9999998640 -0.0001633983 0.0000627243 -0.0005797049 0.0001631112 0.9999998187 0.0019195410
0.9999995835 -0.0003045744 0.0008603628 0.0121145156 0.0003044829 0.9999999480 0.0001064547 0.0045355304 -0.0008603951 -0.0001061927 0.9999996242 0.0036769908
0.9999998833 -0.0004231563 0.0002329906 -0.0006919089 0.0004230723 0.9999998455 0.0003604481 0.0095452525 -0.0002331431 -0.0003603495 0.9999999079 0.0005658398
0.9999996410 0.0005951820 0.0006030629 0.0071524611 -0.0005952261 0.9999998202 0.0000729393 0.0078215819 -0.0006030194 -0.0000732982 0.9999998155 -0.0032758510
0.9999997724 0.0000692560 0.0006711174 0.0136744307 -0.0000694383 0.9999999607 0.0002716050 0.0074498761 -0.0006710986 -0.0002716516 0.9999997379 0.0039197848
0.9999997673 -0.0003861784 0.0005623596 0.0053168317 0.0003861703 0.9999999253 0.0000145691 0.0054269015 -0.0005623652 -0.0000143519 0.9999998418 -0.0022958527
0.9999999052 0.0002556021 0.0003526575 0.0030748595 -0.0002556828 0.9999999411 0.0002288809 0.0051070310 -0.0003525990 -0.0002289710 0.9999999116 0.0068185690
0.9999997542 0.0004660776 0.0005238389 0.0121242698 -0.0004660321 0.9999998876 -0.0000868495 0.0025363270 -0.0005238793 0.0000866054 0.9999998590 0.0051554244
0.9999999030 -0.0003654779 0.0002459760 0.0058995116 0.0003654437 0.9999999236 0.0001388453 0.0015811305 -0.0002460267 -0.0001387554 0.9999999601 0.0047875502
0.9999998859 -0.0001677641 0.0004473415 0.0040181207 0.0001677199 0.9999999810 0.0000989383 0.0004878891 -0.0004473581 -0.0000988633 0.9999998950 0.0042427659
0.9999997510 0.0004854601 0.0005122662 0.0106123190 -0.0004854052 0.9999998764 -0.0001073627 0.0015852958 -0.0005123182 0.0001071140 0.9999998630 0.0041865884
0.9999996989 0.0001244296 0.0007660299 0.0154956150 -0.0001243730 0.9999999895 -0.0000739415 0.0033489010 -0.0007660391 0.0000738462 0.9999997039 0.0019140133
0.9999996418 0.0001509503 0.0008328300 0.0074746544 -0.0001508632 0.9999999831 -0.0001046259 0.0052432189 -0.0008328457 0.0001045002 0.9999996477 0.0010927154
0.9999995642 0.0003488660 0.0008659343 0.0061637387 -0.0003488574 0.9999999391 -0.0000100475 0.0054266007 -0.0008659377 0.0000097454 0.9999996250 -0.0039096984
0.9999994184 0.0003826918 0.0010083456 0.0068114851 -0.0003824593 0.9999999002 -0.0002307673 0.0004388439 -0.0010084338 0.0002303815 0.9999994650 -0.0052921248
0.9999991724 -0.0000599346 0.0012851628 0.0023823995 0.0000604684 0.9999999119 -0.0004153058 0.0062651303 -0.0012851378 0.0004153831 0.9999990879 -0.0096794218
0.9999989346 0.0010992566 0.0009604680 0.0023972006 -0.0010989594 0.9999993481 -0.0003099621 -0.0003350273 -0.0009608081 0.0003089063 0.9999994907 -0.0115855684
0.9999988140 0.0011793086 0.0009905347 -0.0039696852 -0.0011784230 0.9999989058 -0.0008942441 0.0007964150 -0.0009915882 0.0008930758 0.9999991096 -0.0076015782
0.9999990819 0.0005823495 0.0012235569 -0.0008581215 -0.0005817194 0.9999996981 -0.0005152590 0.0073976993 -0.0012238566 0.0005145467 0.9999991187 -0.0075374549
0.9999990903 0.0007906736 0.0010927855 -0.0118901348 -0.0007899721 0.9999994818 -0.0006422074 0.0056095814 -0.0010932927 0.0006413436 0.9999991967 -0.0171830384
0.9999987044 0.0011346552 0.0011418439 -0.0000104667 -0.0011343042 0.9999993092 -0.0003080142 0.0008103188 -0.0011421926 0.0003067186 0.9999993007 -0.0126991602
0.9999981470 0.0014362329 0.0012819204 -0.0044902040 -0.0014352018 0.9999986462 -0.0008048323 -0.0013658169 -0.0012830746 0.0008029910 0.9999988545 -0.0163496529
0.9999990874 0.0006796969 0.0011676032 0.0010029454 -0.0006791088 0.9999996424 -0.0005040461 0.0039753033 -0.0011679454 0.0005032527 0.9999991913 -0.0054231581
0.9999983843 0.0009923568 0.0014988449 -0.0086425527 -0.0009912372 0.9999992293 -0.0007475133 0.0020817510 -0.0014995856 0.0007460264 0.9999985973 -0.0207787848
0.9999985898 0.0012252052 0.0011486158 -0.0089197438 -0.0012244277 0.9999990210 -0.0006773679 -0.0020910831 -0.0011494446 0.0006759606 0.9999991109 -0.0152513506
0.9999984174 0.0011902458 0.0013223150 -0.0015700296 -0.0011893106 0.9999990423 -0.0007077643 -0.0046611903 -0.0013231562 0.0007061906 0.9999988753 -0.0157379018
0.9999991096 0.0007132604 0.0011278387 -0.0014603878 -0.0007123504 0.9999994206 -0.0008070317 -0.0039682810 -0.0011284137 0.0008062276 0.9999990383 -0.0075637304
0.9999991011 0.0007267585 0.0011267765 0.0022074711 -0.0007260481 0.9999995376 -0.0006306762 0.0029983442 -0.0011272343 0.0006298575 0.9999991663 -0.0093259666
0.9999992481 0.0007659039 0.0009576879 -0.0011509970 -0.0007654231 0.9999995809 -0.0005023364 0.0038155191 -0.0009580723 0.0005016029 0.9999994152 -0.0089979974
0.9999988741 0.0009031939 0.0011983830 -0.0030289094 -0.0009024054 0.9999993762 -0.0006583023 0.0005333970 -0.0011989768 0.0006572201 0.9999990653 -0.0115925622
0.9999988705 0.0007821483 0.0012834208 -0.0052775699 -0.0007810058 0.9999992986 -0.0008904279 -0.0058735471 -0.0012841163 0.0008894246 0.9999987800 -0.0167695521
0.9999986079 0.0008144920 0.0014562971 -0.0004023218 -0.0008139125 0.9999995894 -0.0003984335 0.0045616894 -0.0014566210 0.0003972477 0.9999988602 -0.0129861172
0.9999997987 0.0005499025 0.0003165393 0.0085718231 -0.0005497367 0.9999997119 -0.0005233882 -0.0076985526 -0.0003168270 0.0005232141 0.9999998129 0.0053142803
0.9999998631 -0.0001242105 -0.0005082254 0.0235766220 0.0001244617 0.9999998701 0.0004943754 0.0097143032 0.0005081639 -0.0004944386 0.9999997486 0.0227884895
0.9999997125 -0.0002578801 -0.0007130477 0.0426189818 0.0002584102 0.9999996903 0.0007433724 0.0299730958 0.0007128558 -0.0007435564 0.9999994695 0.0213000535
0.9999999136 -0.0002362517 -0.0003421723 0.0562461841 0.0002365765 0.9999995212 0.0009495005 0.0384586657 0.0003419478 -0.0009495813 0.9999994907 0.0218743106
0.9999999394 0.0000666650 -0.0003416774 0.0609684582 -0.0000664244 0.9999997500 0.0007039748 0.0445505346 0.0003417243 -0.0007039521 0.9999996938 0.0206988973
0.9999999874 -0.0000299397 -0.0001560755 0.0565727688 0.0000300253 0.9999998490 0.0005486533 0.0382119218 0.0001560590 -0.0005486579 0.9999998373 0.0192520866
0.9999999079 0.0004241329 -0.0000663145 0.0464657597 -0.0004241279 0.9999999072 0.0000752556 0.0298751474 0.0000663464 -0.0000752274 0.9999999950 0.0114011149
0.9999985784 0.0016369484 -0.0004043528 0.0294217883 -0.0016370643 0.9999986190 -0.0002864238 0.0153123897 0.0004038834 0.0002870854 0.9999998772 0.0119112375
0.9999887826 0.0047338921 -0.0001579462 0.0350563845 -0.0047341782 0.9999870570 -0.0018636845 0.0008280791 0.0001491216 0.0018644114 0.9999982509 -0.0042176985
0.9999687539 0.0078969075 0.0003606375 0.0741244623 -0.0078959485 0.9999654790 -0.0025874398 -0.0022628306 -0.0003810578 0.0025845114 0.9999965875 -0.0134117066
0.9999623192 0.0086400241 0.0008427092 0.0989649160 -0.0086375599 0.9999585331 -0.0028852426 0.0017648229 -0.0008676028 0.0028778549 0.9999954826 -0.0145771177
0.9999568565 0.0092701636 0.0005909669 0.1027432951 -0.0092682677 0.9999521377 -0.0031339204 0.0075870283 -0.0006199906 0.0031283080 0.9999949146 -0.0262274085
0.9999565808 0.0093021169 0.0005541279 0.1027856237 -0.0093000195 0.9999500031 -0.0036743639 0.0026010994 -0.0005882796 0.0036690510 0.9999930960 -0.0356340436
0.9999549916 0.0094797745 0.0003856243 0.1018863168 -0.0094784236 0.9999494136 -0.0033659516 0.0192131892 -0.0004175133 0.0033621450 0.9999942608 -0.0412054890
0.9999598643 0.0089580951 0.0001496149 0.1011267855 -0.0089575341 0.9999540883 -0.0034035135 0.0198322804 -0.0001800970 0.0034020368 0.9999941968 -0.0565627283
0.9999633922 0.0085542791 -0.0001966195 0.0879552696 -0.0085548995 0.9999576020 -0.0034070262 0.0096702110 0.0001674665 0.0034085835 0.9999941767 -0.0696462891
0.9999650505 0.0083131846 -0.0008880605 0.0685794858 -0.0083160506 0.9999600619 -0.0032738079 0.0177210418 0.0008608093 0.0032810787 0.9999942467 -0.0839786153
0.9999682108 0.0079483282 -0.0006336603 0.0635184579 -0.0079505419 0.9999620177 -0.0035709950 0.0084719716 0.0006052528 0.0035759194 0.9999934232 -0.0919821925
0.9999664215 0.0081623340 -0.0007294729 0.0564396155 -0.0081644214 0.9999624482 -0.0029059381 0.0257936376 0.0007057262 0.0029117962 0.9999955117 -0.0871087496
0.9999722333 0.0074483359 -0.0002342474 0.0701727345 -0.0074488757 0.9999693897 -0.0023945536 0.0070948193 0.0002164048 0.0023962320 0.9999971056 -0.0995641786
0.9999703322 0.0077028716 -0.0000211808 0.0440179693 -0.0077028996 0.9999678933 -0.0022085451 0.0014756316 0.0000041680 0.0022086427 0.9999975609 -0.1117431772
0.9999758793 0.0069379269 -0.0003254283 0.0360829654 -0.0069385861 0.9999737846 -0.0020702827 -0.0100161890 0.0003110563 0.0020724908 0.9999978040 -0.1315515918
0.9999772577 0.0067436872 -0.0000817499 0.0247926327 -0.0067438141 0.9999758718 -0.0016663426 0.0176570330 0.0000705107 0.0016668560 0.9999986083 -0.1338172130
0.9999837457 0.0056997574 0.0001453332 0.0169733166 -0.0056993256 0.9999797944 -0.0028157383 -0.0004175836 -0.0001613793 0.0028148642 0.9999960252 -0.1375911844
0.9999858088 0.0053200047 0.0002822394 0.0096574929 -0.0053189613 0.9999794571 -0.0035768772 0.0087687351 -0.0003012627 0.0035753252 0.9999935631 -0.1341301627
0.9999844693 0.0055499990 0.0005085472 0.0056819081 -0.0055479886 0.9999771100 -0.0038728994 0.0099573652 -0.0005300302 0.0038700178 0.9999923710 -0.1386211220
0.9999865094 0.0051740867 0.0004581615 0.0069560221 -0.0051719977 0.9999767283 -0.0044489576 0.0070980823 -0.0004811701 0.0044465280 0.9999899984 -0.1472222584
0.9999857181 0.0052968347 -0.0007120774 -0.0018194432 -0.0053005199 0.9999720283 -0.0052770312 0.0077191079 0.0006841060 0.0052807302 0.9999858228 -0.1748002736
0.9999876383 0.0047029205 -0.0016142266 -0.0108879851 -0.0047115347 0.9999744565 -0.0053747350 0.0146536453 0.0015889084 0.0053822740 0.9999842531 -0.1879399939
0.9999875270 0.0045211192 -0.0021225948 -0.0147512120 -0.0045319648 0.9999765572 -0.0051328748 0.0081202983 0.0020993387 0.0051424303 0.9999845740 -0.2034909958
0.9999766097 0.0061329504 -0.0030276985 -0.0248661914 -0.0061456003 0.9999723516 -0.0041866118 0.0435565207 0.0030019385 0.0042051209 0.9999866526 -0.2146854682
0.9999794194 0.0056076698 -0.0031168553 -0.0183354127 -0.0056209239 0.9999751284 -0.0042600264 0.0212911122 0.0030928890 0.0042774584 0.9999860686 -0.2312464017
0.9999820128 0.0051407703 -0.0030897565 -0.0304269296 -0.0051534620 0.9999782588 -0.0041138460 0.0115436444 0.0030685410 0.0041296949 0.9999867648 -0.2369328924
0.9999876818 0.0039459944 -0.0030108787 -0.0308091882 -0.0039613703 0.9999790564 -0.0051180438 -0.0188537969 0.0029906199 0.0051299080 0.9999823700 -0.2495924683
0.9999929459 0.0024495913 -0.0028473832 -0.0367682865 -0.0024655388 0.9999812199 -0.0056107859 -0.0522085677 0.0028335856 0.0056177667 0.9999802055 -0.2562435382
0.9999941829 0.0019011622 -0.0028319241 -0.0588139070 -0.0019181767 0.9999800545 -0.0060175678 -0.0748301707 0.0028204272 0.0060229650 0.9999778843 -0.2759235621
0.9999939944 0.0015629223 -0.0030933012 -0.0723430291 -0.0015821657 0.9999793521 -0.0062283314 -0.0821102639 0.0030835030 0.0062331881 0.9999758194 -0.2879758175
0.9999942209 0.0021598030 -0.0026255397 -0.0795147224 -0.0021769529 0.9999762001 -0.0065467605 -0.0743665480 0.0026113375 0.0065524384 0.9999751229 -0.2978936310
0.9999935981 0.0025845983 -0.0024745768 -0.0758300340 -0.0026024791 0.9999703316 -0.0072500416 -0.0854668150 0.0024557650 0.0072564352 0.9999706563 -0.3223530875
0.9999870089 0.0018274133 -0.0047584334 -0.0882606626 -0.0018658669 0.9999655403 -0.0080892936 -0.0514465052 0.0047434869 0.0080980671 0.9999559594 -0.3550862145
0.9999844424 0.0012492449 -0.0054363889 -0.1041838024 -0.0012952614 0.9999632962 -0.0084692654 -0.0752005576 0.0054256092 0.0084761752 0.9999493573 -0.3749595745
0.9999783008 0.0014247153 -0.0064317987 -0.1042572461 -0.0014805931 0.9999611334 -0.0086913502 -0.0675414265 0.0064191661 0.0087006845 0.9999415445 -0.4034294120
0.9998742688 0.0025092833 -0.0156572664 -0.0873999408 -0.0023826579 0.9999643498 0.0081007428 -0.0203423134 0.0156770352 -0.0080624183 0.9998446019 -0.9477974783
0.9997844194 0.0023313311 -0.0206320064 -0.0864395957 -0.0017766960 0.9996376293 0.0268598839 -0.0401328265 0.0206871493 -0.0268174366 0.9994262689 -1.6508336920
0.9995432363 0.0037929083 -0.0299822062 -0.0899559885 -0.0025081049 0.9990816157 0.0427742274 0.0228842140 0.0301169097 -0.0426794911 0.9986347845 -2.1800232709
0.9995099719 0.0048577173 -0.0309227856 -0.0809028194 -0.0030669332 0.9983293930 0.0576976343 0.0375650849 0.0311514046 -0.0575745227 0.9978550818 -2.6048141776
0.9999656331 0.0048568948 -0.0067188617 -0.0649194881 -0.0044772448 0.9984536376 0.0554101788 0.0067547142 0.0069775933 -0.0553781925 0.9984410694 -2.8301649174
0.9999856956 0.0033464059 0.0041725552 -0.0511193982 -0.0035170146 0.9991292119 0.0415746150 0.0017946448 -0.0040297962 -0.0415886953 0.9991266892 -3.1264501407
0.9998974599 0.0038722524 0.0137867795 -0.0707995681 -0.0041898310 0.9997248153 0.0230811413 0.0118873710 -0.0136936096 -0.0231365388 0.9996385275 -3.5722179376
0.9999946396 0.0032167350 -0.0006110076 -0.0102736048 -0.0032120938 0.9999670832 0.0074508377 0.0670711191 0.0006349548 -0.0074488351 0.9999720555 -3.9440354553
0.9999889855 0.0042283451 -0.0020371356 -0.0077475766 -0.0042125772 0.9999616094 0.0076833490 0.0666619323 0.0020695453 -0.0076746828 0.9999684076 -4.0275125027
0.9999891263 0.0027119119 -0.0037937822 0.0309660032 -0.0026900274 0.9999797826 0.0057617769 0.0703661630 0.0038093310 -0.0057515089 0.9999762043 -4.1424759129
0.9999850705 0.0022370997 -0.0049853955 0.0405718640 -0.0022192334 0.9999911064 0.0035863749 0.0531565722 0.0049933742 -0.0035752576 0.9999811417 -4.2259069848
0.9999632521 0.0019065814 -0.0083581941 0.0769967499 -0.0018772297 0.9999920492 0.0035181748 0.0378271188 0.0083648353 -0.0035023553 0.9999588807 -4.3713152360
0.9999540717 0.0032647169 -0.0090108901 0.1087076960 -0.0031968014 0.9999664550 0.0075411811 0.0221178469 0.0090352076 -0.0075120287 0.9999309648 -4.5492462567
0.9998385260 0.0037561532 0.0175730813 0.1053309660 -0.0039995601 0.9998962714 0.0138365435 0.0381166393 -0.0175192863 -0.0139045939 0.9997498371 -4.7347987841
0.9997335170 0.0052291225 0.0224844659 0.1354725897 -0.0055343351 0.9998931001 0.0135336454 -0.0176056067 -0.0224112933 -0.0136544755 0.9996555853 -4.8074373909
0.9997404550 0.0059420290 0.0219935201 0.1515106993 -0.0062263308 0.9998976538 0.0128807916 -0.0362823289 -0.0219147311 -0.0130143874 0.9996751324 -4.8415789622
0.9997356700 0.0057869854 0.0222508617 0.1673022887 -0.0060636428 0.9999049019 0.0123862547 -0.0473174884 -0.0221770666 -0.0125179019 0.9996756873 -4.8305655110
0.9997382662 0.0058006656 0.0221303292 0.1964542544 -0.0060786887 0.9999031890 0.0125164729 -0.0519316103 -0.0220555829 -0.0126477203 0.9996767410 -4.8461334980
0.9997609503 0.0056331449 0.0211260465 0.2047842451 -0.0059024760 0.9999018269 0.0127081601 -0.0722749474 -0.0210523856 -0.0128298182 0.9996960502 -4.8688374123
0.9997628501 0.0046163610 0.0212822161 0.2122435060 -0.0048896258 0.9999060452 0.0128059488 -0.0956742923 -0.0212210997 -0.0129069740 0.9996914899 -4.8943471645
0.9997981802 0.0040510363 0.0196770907 0.2169526464 -0.0043510289 0.9998745960 0.0152269741 -0.1423106845 -0.0196129380 -0.0153095166 0.9996904278 -5.0179059780
0.9998396229 0.0026979499 0.0177045044 0.2392214274 -0.0029763208 0.9998720709 0.0157157021 -0.1525643112 -0.0176598393 -0.0157658760 0.9997197443 -5.1105744911
0.9999100777 0.0011007318 0.0133650617 0.2540880310 -0.0012987849 0.9998893476 0.0148190982 -0.1384017541 -0.0133472710 -0.0148351240 0.9998008649 -5.2582468483
0.9999536263 -0.0006787645 0.0096064865 0.2786218072 0.0004774651 0.9997805922 0.0209413333 -0.1606767513 -0.0096185930 -0.0209357754 0.9997345528 -5.5126002208
0.9999959743 -0.0020254700 -0.0019871676 0.3061760545 0.0020656786 0.9997888413 0.0204451902 -0.1420814151 0.0019453369 -0.0204492127 0.9997890004 -5.9095187567
0.9999044630 -0.0032402930 -0.0134374590 0.3076246728 0.0034379807 0.9998858212 0.0147147814 -0.1469821778 0.0133882445 -0.0147595734 0.9998014352 -6.1100371130
0.9996462126 -0.0040466756 -0.0262882889 0.2978171641 0.0044790929 0.9998552972 0.0164110435 -0.1112986777 0.0262180748 -0.0165229851 0.9995196864 -6.2714328309
0.9993871218 -0.0041303464 -0.0347609131 0.3074942627 0.0047118518 0.9998500526 0.0166634568 -0.1150048984 0.0346868750 -0.0168170324 0.9992567278 -6.3947765231
0.9993859071 -0.0050351007 -0.0346764552 0.3285320747 0.0056163451 0.9998450221 0.0166849740 -0.1075329974 0.0345870705 -0.0168694828 0.9992593032 -6.4224121504
0.9993165892 -0.0053107224 -0.0365807429 0.3588411171 0.0061161734 0.9997405402 0.0219418483 -0.1294263675 0.0364547246 -0.0221505872 0.9990897880 -6.6466359209
0.9989042694 -0.0045564761 -0.0465778827 0.3801725407 0.0057891537 0.9996356377 0.0263643251 -0.1145111659 0.0464407830 -0.0266050834 0.9985666844 -6.8297904857
0.9965243368 -0.0053658833 -0.0831291367 0.4340729296 0.0079373543 0.9994991554 0.0306339147 -0.1270321022 0.0829231239 -0.0311872669 0.9960678240 -6.9574597180
0.9924331295 -0.0059514364 -0.1226420152 0.4820919703 0.0099289693 0.9994434544 0.0318464591 -0.1586533124 0.1223842272 -0.0328231899 0.9919398869 -7.1171231699
0.9890052122 -0.0065985829 -0.1477333712 0.5483427057 0.0110603994 0.9995065111 0.0294007104 -0.1680645590 0.1474664634 -0.0307114459 0.9885901321 -7.3166745080
0.9887143285 -0.0082936198 -0.1495833962 0.6195072387 0.0124005698 0.9995707253 0.0265441324 -0.1558560945 0.1492990369 -0.0280994834 0.9883927441 -7.4974085741
0.9898427364 -0.0081377025 -0.1419335586 0.7090740895 0.0116848557 0.9996394249 0.0241761098 -0.1542630791 0.1416856429 -0.0255890199 0.9895809116 -7.6704493980
0.9912794069 -0.0073020690 -0.1315743790 0.8116887770 0.0106657750 0.9996335843 0.0248784737 -0.1529804144 0.1313445037 -0.0260648614 0.9909940688 -7.8193555676
0.9894730928 -0.0068504757 -0.1445547288 0.9392025970 0.0106655061 0.9996145194 0.0256331726 -0.1588766124 0.1443234063 -0.0269050839 0.9891647339 -8.0023648036
0.9871367900 -0.0078141225 -0.1596868729 1.0692491953 0.0119508070 0.9996169888 0.0249610477 -0.1725717504 0.1594306624 -0.0265483555 0.9868520906 -8.1888033498
