1.0000000000 0.0000000000 0.0000000000 0.0000000000 0.0000000000 1.0000000000 0.0000000000 0.0000000000 0.0000000000 0.0000000000 1.0000000000 0.0000000000
0.9999998468 0.0001562539 0.0005311116 -0.0091504174 -0.0001560295 0.9999998986 -0.0004225550 0.0014126899 -0.0005311776 0.0004224721 0.9999997697 0.0089529223
0.9999998628 0.0003182694 0.0004160298 -0.0149952106 -0.0003182057 0.9999999377 -0.0001530858 -0.0088762883 -0.0004160785 0.0001529534 0.9999999017 0.0075328917
0.9999993546 0.0002642801 0.0011050001 -0.0101720137 -0.0002636998 0.9999998272 -0.0005253263 -0.0076322622 -0.0011051388 0.0005250346 0.9999992515 0.0028152497
0.9999996943 0.0001946771 0.0007572447 -0.0089843037 -0.0001944963 0.9999999526 -0.0002387389 -0.0000064774 -0.0007572911 0.0002385916 0.9999996848 0.0044107683
0.9999999167 0.0002970951 0.0002797347 -0.0132446486 -0.0002970560 0.9999999461 -0.0001397439 0.0004847479 -0.0002797763 0.0001396608 0.9999999511 0.0143792001
0.9999997064 0.0003798537 0.0006655799 -0.0132108471 -0.0003796564 0.9999998840 -0.0002965248 0.0029483839 -0.0006656924 0.0002962720 0.9999997345 0.0033632001
0.9999992797 0.0002877976 0.0011652111 -0.0182426069 -0.0002873242 0.9999998761 -0.0004064279 0.0030511918 -0.0011653280 0.0004060928 0.9999992385 0.0115376945
0.9999997914 -0.0000125325 0.0006457793 -0.0183146973 0.0000125031 0.9999999989 0.0000455077 -0.0071000301 -0.0006457799 -0.0000454996 0.9999997904 0.0099366190
0.9999998671 0.0000037691 0.0005156315 -0.0198086328 -0.0000038311 0.9999999928 0.0001202713 -0.0048530838 -0.0005156311 -0.0001202733 0.9999998598 0.0100652818
0.9999995509 0.0002035783 0.0009255968 -0.0193290067 -0.0002034543 0.9999999703 -0.0001341261 -0.0049572714 -0.0009256241 0.0001339377 0.9999995626 0.0059054914
0.9999987780 0.0000318231 0.0015629898 -0.0156549596 -0.0000313015 0.9999999438 -0.0003337560 -0.0102759840 -0.0015630003 0.0003337066 0.9999987228 -0.0018355929
0.9999992814 0.0000186042 0.0011987227 -0.0226344840 -0.0000182227 0.9999999492 -0.0003182790 -0.0197090809 -0.0011987285 0.0003182569 0.9999992309 0.0118561180
0.9999993069 0.0002089481 0.0011586418 -0.0273024144 -0.0002086062 0.9999999347 -0.0002951961 -0.0131543285 -0.0011587034 0.0002949542 0.9999992852 0.0195957652
0.9999995062 0.0001469936 0.0009828230 -0.0226577090 -0.0001468917 0.9999999838 -0.0001037581 -0.0093829606 -0.0009828382 0.0001036137 0.9999995116 0.0098823869
0.9999995264 0.0002706000 0.0009348442 -0.0239456213 -0.0002706025 0.9999999634 0.0000025283 -0.0108387587 -0.0009348435 -0.0000027813 0.9999995630 0.0095830708
0.9999993505 0.0000807159 0.0011368778 -0.0237882061 -0.0000804636 0.9999999721 -0.0002219962 -0.0141580449 -0.0011368957 0.0002219046 0.9999993291 0.0130532169
0.9999991253 0.0001094270 0.0013181464 -0.0216309979 -0.0001087657 0.9999998682 -0.0005018227 -0.0200186326 -0.0013182011 0.0005016789 0.9999990053 0.0198530143
0.9999989794 0.0000569287 0.0014275809 -0.0173632152 -0.0000565655 0.9999999660 -0.0002544423 -0.0239318526 -0.0014275953 0.0002543613 0.9999989486 0.0125999697
0.9999993334 -0.0000108077 0.0011545847 -0.0219054339 0.0000110754 0.9999999730 -0.0002319111 -0.0152795524 -0.0011545822 0.0002319237 0.9999993066 0.0186609701
0.9999992648 0.0001091052 0.0012076926 -0.0140109097 -0.0001089882 0.9999999894 -0.0000970186 -0.0248387630 -0.0012077031 0.0000968869 0.9999992660 0.0128574124
0.9999990991 0.0000142059 0.0013422637 -0.0269191271 -0.0000140580 0.9999999938 -0.0001102462 -0.0235850327 -0.0013422653 0.0001102272 0.9999990931 0.0152232601
0.9999990516 0.0002513343 0.0013541202 -0.0189999298 -0.0002509701 0.9999999323 -0.0002690989 -0.0324208582 -0.0013541877 0.0002687588 0.9999990470 0.0135951692
0.9999995028 0.0001024589 0.0009919616 -0.0237701091 -0.0001024100 0.9999999935 -0.0000493378 -0.0288320028 -0.0009919666 0.0000492362 0.9999995068 0.0143711266
0.9999996526 0.0002685277 0.0007890734 -0.0318644982 -0.0002686416 0.9999999535 0.0001442571 -0.0183052437 -0.0007890347 -0.0001444690 0.9999996783 0.0193922081
0.9999995638 0.0002082157 0.0009104712 -0.0206505875 -0.0002084021 0.9999999573 0.0002046346 -0.0235290078 -0.0009104285 -0.0002048242 0.9999995646 0.0110290776
0.9999994901 0.0002445469 0.0009797493 -0.0210985960 -0.0002445781 0.9999999696 0.0000316268 -0.0353594047 -0.0009797415 -0.0000318664 0.9999995195 0.0113425739
0.9999993249 0.0002687601 0.0011304969 -0.0248415779 -0.0002686017 0.9999999541 -0.0001402773 -0.0201218469 -0.0011305346 0.0001399735 0.9999993511 0.0216595322
0.9999994123 0.0002673795 0.0010507065 -0.0200522051 -0.0002673254 0.9999999629 -0.0000516219 -0.0037827553 -0.0010507203 0.0000513410 0.9999994467 0.0245289651
0.9999993396 0.0001732257 0.0011361021 -0.0291395602 -0.0001729710 0.9999999599 -0.0002243076 -0.0044317828 -0.0011361409 0.0002241110 0.9999993295 0.0247611848
0.9999995064 0.0001946610 0.0009742864 -0.0167847637 -0.0001945398 0.9999999733 -0.0001245425 -0.0019900927 -0.0009743107 0.0001243529 0.9999995176 0.0241289360
0.9999993683 0.0002203358 0.0011021729 -0.0220792901 -0.0002200433 0.9999999405 -0.0002654915 0.0003708752 -0.0011022314 0.0002652488 0.9999993574 0.0286603986
0.9999991418 0.0003870054 0.0012516860 -0.0173469986 -0.0003867578 0.9999999056 -0.0001980323 -0.0041218486 -0.0012517626 0.0001975480 0.9999991970 0.0232087860
0.9999990285 0.0003062537 0.0013598497 -0.0210633485 -0.0003059579 0.9999999295 -0.0002177200 -0.0119066834 -0.0013599163 0.0002173037 0.9999990517 0.0186157278
0.9999991954 0.0002354612 0.0012464867 -0.0271891164 -0.0002350831 0.9999999263 -0.0003034789 -0.0149797099 -0.0012465581 0.0003031856 0.9999991771 0.0261829090
0.9999994995 0.0001719263 0.0009856559 -0.0187526180 -0.0001720131 0.9999999813 0.0000879757 -0.0091487723 -0.0009856408 -0.0000881452 0.9999995104 0.0199587436
0.9999995847 0.0002147205 0.0008857154 -0.0224420983 -0.0002147909 0.9999999738 0.0000793553 -0.0076926447 -0.0008856983 -0.0000795455 0.9999996046 0.0231183058
0.9999994907 0.0000263535 0.0010089448 -0.0306347249 -0.0000263423 0.9999999996 -0.0000111224 -0.0114495230 -0.0010089451 0.0000110958 0.9999994910 0.0220434787
0.9999995490 0.0001733840 0.0009337299 -0.0181517918 -0.0001732997 0.9999999809 -0.0000903415 -0.0146380744 -0.0009337456 0.0000901796 0.9999995600 0.0237054806
0.9999991173 0.0002671565 0.0013015362 -0.0145320553 -0.0002666028 0.9999998739 -0.0004255916 -0.0178263642 -0.0013016497 0.0004252443 0.9999990624 0.0260817786
0.9999991979 0.0002560746 0.0012404082 -0.0160993823 -0.0002557573 0.9999999345 -0.0002559526 -0.0196146040 -0.0012404736 0.0002556352 0.9999991979 0.0241143576
0.9999994489 0.0002158940 0.0010273848 -0.0154139212 -0.0002157180 0.9999999620 -0.0001714081 -0.0127667553 -0.0010274218 0.0001711864 0.9999994575 0.0195997625
0.9999995155 0.0001563512 0.0009718686 -0.0186640549 -0.0001563020 0.9999999865 -0.0000507007 -0.0156444965 -0.0009718765 0.0000505488 0.9999995265 0.0146310046
0.9999993614 0.0002636617 0.0010989107 -0.0132012861 -0.0002636293 0.9999999648 -0.0000295883 -0.0162588296 -0.0010989184 0.0000292986 0.9999993958 0.0141073147
0.9999993626 0.0001398900 0.0011203331 -0.0188982908 -0.0001397634 0.9999999838 -0.0001130986 -0.0127522838 -0.0011203489 0.0001129420 0.9999993660 0.0118261347
0.9999993105 0.0002590141 0.0011454271 -0.0191740680 -0.0002588167 0.9999999516 -0.0001724464 -0.0115478975 -0.0011454717 0.0001721498 0.9999993291 0.0118420288
0.9999992091 0.0001519699 0.0012484640 -0.0250298763 -0.0001518315 0.9999999823 -0.0001109246 -0.0146449320 -0.0012484808 0.0001107349 0.9999992145 0.0117687607
0.9999992178 0.0003553077 0.0011992608 -0.0187576495 -0.0003552193 0.9999999342 -0.0000738776 -0.0174115625 -0.0011992870 0.0000734515 0.9999992782 0.0114652977
0.9999993127 0.0001696286 0.0011601216 -0.0218203559 -0.0001696019 0.9999999854 -0.0000230580 -0.0124619763 -0.0011601255 0.0000228612 0.9999993268 0.0104347100
0.9999995172 0.0004104631 0.0008927818 -0.0135626806 -0.0004104786 0.9999999156 0.0000171528 -0.0176866800 -0.0008927747 -0.0000175193 0.9999996013 0.0129855209
0.9999993317 0.0002950788 0.0011178494 -0.0172825529 -0.0002949336 0.9999999480 -0.0001300661 -0.0144512274 -0.0011178877 0.0001297363 0.9999993667 0.0085636343
0.9999991082 0.0002338796 0.0013148404 -0.0195103098 -0.0002336410 0.9999999562 -0.0001815633 -0.0135257325 -0.0013148828 0.0001812559 0.9999991191 0.0078636039
0.9999987480 0.0001670706 0.0015735841 -0.0253246242 -0.0001663795 0.9999998897 -0.0004393054 -0.0091938088 -0.0015736573 0.0004390430 0.9999986654 0.0120531514
0.9999991835 0.0002582775 0.0012515454 -0.0237607525 -0.0002583325 0.9999999657 0.0000438085 -0.0158026088 -0.0012515340 -0.0000441318 0.9999992159 0.0051265144
0.9999992482 0.0002342350 0.0012035977 -0.0242658446 -0.0002343345 0.9999999691 0.0000825180 -0.0131235783 -0.0012035783 -0.0000828000 0.9999992723 0.0051769913
0.9999996891 0.0000595222 0.0007863064 -0.0234403522 -0.0000595977 0.9999999936 0.0000960243 -0.0118305216 -0.0007863006 -0.0000960712 0.9999996863 0.0053469509
0.9999995753 0.0002138979 0.0008965166 -0.0180459118 -0.0002138997 0.9999999771 0.0000019106 -0.0142615563 -0.0008965161 -0.0000021024 0.9999995981 0.0067707802
0.9999988671 0.0000954046 0.0015022146 -0.0257836924 -0.0000951255 0.9999999782 -0.0001858820 -0.0139191222 -0.0015022323 0.0001857389 0.9999988544 0.0063334441
0.9999991758 0.0000430088 0.0012831898 -0.0247208558 -0.0000430312 0.9999999989 0.0000174193 -0.0124274760 -0.0012831890 -0.0000174745 0.9999991766 0.0063275788
0.9999992676 0.0002182787 0.0011904653 -0.0223996391 -0.0002181957 0.9999999738 -0.0000698526 -0.0126314575 -0.0011904805 0.0000695928 0.9999992890 0.0124063459
0.9999994128 0.0001128125 0.0010777967 -0.0270135926 -0.0001129875 0.9999999804 0.0001623462 -0.0118711999 -0.0010777783 -0.0001624679 0.9999994060 0.0038931460
0.9999992020 0.0001177378 0.0012577948 -0.0250758222 -0.0001176641 0.9999999914 -0.0000586584 -0.0100453129 -0.0012578017 0.0000585104 0.9999992073 0.0038445482
0.9999992696 0.0001881348 0.0011939338 -0.0221430649 -0.0001881434 0.9999999823 0.0000071098 -0.0130265272 -0.0011939324 -0.0000073344 0.9999992872 0.0061578265
0.9999989489 0.0003031936 0.0014178411 -0.0249785707 -0.0003029112 0.9999999342 -0.0001993655 -0.0097353140 -0.0014179015 0.0001989359 0.9999989750 0.0085856475
0.9999989941 0.0000510774 0.0014174816 -0.0283531073 -0.0000505879 0.9999999391 -0.0003453547 -0.0071023625 -0.0014174991 0.0003452827 0.9999989357 0.0124621234
0.9999991175 0.0001761324 0.0013168417 -0.0218747784 -0.0001758619 0.9999999634 -0.0002055235 -0.0092776329 -0.0013168778 0.0002052918 0.9999991118 0.0095652595
0.9999988759 0.0003693027 0.0014532340 -0.0205248386 -0.0003688255 0.9999998780 -0.0003286619 -0.0131583905 -0.0014533552 0.0003281255 0.9999988900 0.0115031819
0.9999990874 0.0003322562 0.0013095009 -0.0208695752 -0.0003319680 0.9999999206 -0.0002202655 -0.0136608258 -0.0013095740 0.0002198306 0.9999991183 0.0060731503
0.9999986069 0.0003522332 0.0016316072 -0.0197204542 -0.0003516340 0.9999998707 -0.0003674727 -0.0122604192 -0.0016317365 0.0003668985 0.9999986014 0.0102087233
0.9999987372 0.0003356561 0.0015533326 -0.0212547616 -0.0003351915 0.9999998990 -0.0002993179 -0.0134468338 -0.0015534329 0.0002987969 0.9999987488 0.0108899681
0.9999992835 0.0003650725 0.0011400472 -0.0171552686 -0.0003648062 0.9999999061 -0.0002337876 -0.0130700073 -0.0011401324 0.0002333715 0.9999993228 0.0129594583
0.9999993396 -0.0000087130 0.0011492439 -0.0222669342 0.0000086290 0.9999999973 0.0000730263 -0.0101411214 -0.0011492446 -0.0000730163 0.9999993370 0.0034015278
0.9999992507 0.0000031613 0.0012241917 -0.0254784195 -0.0000030865 0.9999999981 -0.0000611424 -0.0092460358 -0.0012241919 0.0000611386 0.9999992488 0.0072895855
0.9999990647 0.0002584609 0.0013430727 -0.0208741101 -0.0002582012 0.9999999479 -0.0001935773 -0.0131116364 -0.0013431226 0.0001932304 0.9999990793 0.0093315537
0.9999993372 0.0001207715 0.0011449874 -0.0207837552 -0.0001207818 0.9999999927 0.0000089898 -0.0113925601 -0.0011449863 -0.0000091281 0.9999993445 0.0060508401
0.9999991531 0.0001884686 0.0012877519 -0.0195553218 -0.0001883218 0.9999999758 -0.0001140536 -0.0129780328 -0.0012877734 0.0001138110 0.9999991643 0.0072106690
0.9999988254 0.0003222044 0.0014984819 -0.0195540841 -0.0003218991 0.9999999274 -0.0002039483 -0.0147622751 -0.0014985475 0.0002034657 0.9999988565 0.0090047979
0.9999991719 0.0004493573 0.0012059391 -0.0183601319 -0.0004490220 0.9999998605 -0.0002782201 -0.0119768430 -0.0012060640 0.0002776783 0.9999992342 0.0086105454
0.9999990937 0.0002524652 0.0013224697 -0.0220386044 -0.0002521683 0.9999999430 -0.0002246611 -0.0112722300 -0.0013225264 0.0002243274 0.9999991003 0.0102390537
0.9999993545 0.0002318019 0.0011123137 -0.0205112017 -0.0002315883 0.9999999547 -0.0001921524 -0.0099256043 -0.0011123581 0.0001918947 0.9999993629 0.0114974568
0.9999993161 0.0001958992 0.0011529688 -0.0236108874 -0.0001958217 0.9999999786 -0.0000673006 -0.0119919704 -0.0011529820 0.0000670747 0.9999993331 0.0067994958
0.9999990248 0.0003094474 0.0013618789 -0.0226961436 -0.0003090233 0.9999999037 -0.0003116649 -0.0095760996 -0.0013619752 0.0003112438 0.9999990241 0.0065796399
0.9999995537 0.0002745639 0.0009039762 -0.0213104867 -0.0002745529 0.9999999622 -0.0000122751 -0.0147851188 -0.0009039795 0.0000120269 0.9999995913 0.0089562510
0.9999995625 0.0002437977 0.0009031354 -0.0218424054 -0.0002437612 0.9999999695 -0.0000405352 -0.0140616632 -0.0009031452 0.0000403150 0.9999995914 0.0145373881
0.9999989777 0.0003417916 0.0013884491 -0.0193894863 -0.0003412760 0.9999998727 -0.0003716004 -0.0098343375 -0.0013885759 0.0003711262 0.9999989671 0.0107799126
0.9999988946 0.0002108437 0.0014718600 -0.0217503407 -0.0002105158 0.9999999530 -0.0002229363 -0.0104712282 -0.0014719069 0.0002226262 0.9999988920 0.0038288698
0.9999990432 0.0002200201 0.0013657440 -0.0218005870 -0.0002198392 0.9999999670 -0.0001325835 -0.0133743944 -0.0013657731 0.0001322831 0.9999990586 0.0076692498
0.9999990477 0.0002718226 0.0013530561 -0.0220762561 -0.0002715605 0.9999999443 -0.0001938670 -0.0144199844 -0.0013531087 0.0001934994 0.9999990658 0.0095064166
0.9999988789 0.0002948522 0.0014680492 -0.0184088182 -0.0002945617 0.9999999370 -0.0001981371 -0.0143235660 -0.0014681076 0.0001977045 0.9999989028 0.0079068146
0.9999990241 0.0002079382 0.0013814930 -0.0189562558 -0.0002075479 0.9999999385 -0.0002825958 -0.0084299424 -0.0013815517 0.0002823088 0.9999990058 0.0050722802
0.9999992180 0.0004030445 0.0011838904 -0.0150983712 -0.0004027183 0.9999998809 -0.0002757402 -0.0133260175 -0.0011840014 0.0002752632 0.9999992612 0.0095756173
0.9999989160 0.0002099689 0.0014573557 -0.0227129930 -0.0002098424 0.9999999742 -0.0000869251 -0.0140035111 -0.0014573739 0.0000866192 0.9999989343 0.0018739649
0.9999990412 0.0003495368 0.0013399143 -0.0178620999 -0.0003495292 0.9999999389 -0.0000059387 -0.0166210677 -0.0013399163 0.0000054704 0.9999991023 0.0012940849
0.9999996300 0.0002378616 0.0008267315 -0.0169599193 -0.0002377905 0.9999999680 -0.0000861390 -0.0128577372 -0.0008267519 0.0000859424 0.9999996545 0.0085982208
0.9999997780 0.0002774587 0.0006058890 -0.0154144689 -0.0002774682 0.9999999614 0.0000156085 -0.0132795511 -0.0006058846 -0.0000157766 0.9999998163 0.0089546435
0.9999992224 0.0003415527 0.0011993792 -0.0194553218 -0.0003414912 0.9999999404 -0.0000514545 -0.0177225836 -0.0011993967 0.0000510449 0.9999992794 0.0065395805
0.9999986701 0.0003863902 0.0015844429 -0.0209655392 -0.0003858441 0.9999998661 -0.0003449792 -0.0123108089 -0.0015845760 0.0003443674 0.9999986853 0.0057319965
0.9999994256 0.0003581763 0.0010102101 -0.0174342026 -0.0003580503 0.9999999281 -0.0001248813 -0.0132786790 -0.0010102547 0.0001245196 0.9999994819 0.0069105021
0.9999987813 0.0003395612 0.0015238417 -0.0224255933 -0.0003387815 0.9999998116 -0.0005118705 -0.0099419023 -0.0015240152 0.0005113537 0.9999987079 0.0105909037
0.9999992373 0.0001535625 0.0012254863 -0.0260622265 -0.0001535182 0.9999999876 -0.0000362509 -0.0092524786 -0.0012254918 0.0000360628 0.9999992484 0.0071410210
0.9999989835 0.0003401687 0.0013846763 -0.0179471949 -0.0003400504 0.9999999385 -0.0000856878 -0.0134242384 -0.0013847053 0.0000852168 0.9999990377 0.0043432266
0.9999988363 0.0002992796 0.0014959491 -0.0193393644 -0.0002986281 0.9999998605 -0.0004357010 -0.0107285737 -0.0014960793 0.0004352537 0.9999987861 0.0082450824
0.9999992516 0.0003165138 0.0011817898 -0.0233237552 -0.0003163025 0.9999999339 -0.0001790461 -0.0122928295 -0.0011818464 0.0001786721 0.9999992857 0.0058338533
0.9999991375 0.0001993997 0.0012981964 -0.0255970076 -0.0001990592 0.9999999458 -0.0002624394 -0.0109823045 -0.0012982487 0.0002621808 0.9999991229 0.0078161658
0.9999992993 0.0001903125 0.0011684263 -0.0258096662 -0.0001901788 0.9999999754 -0.0001145462 -0.0111261919 -0.0011684481 0.0001143239 0.9999993108 0.0112414652
0.9999988928 0.0002663873 0.0014640184 -0.0247203040 -0.0002663120 0.9999999632 -0.0000516728 -0.0170086278 -0.0014640321 0.0000512829 0.9999989270 0.0026793472
0.9999988222 0.0001733305 0.0015249931 -0.0288470401 -0.0001729167 0.9999999482 -0.0002714608 -0.0107588399 -0.0015250400 0.0002711968 0.9999988004 0.0040916880
0.9999986645 0.0003377257 0.0015990403 -0.0272002707 -0.0003374148 0.9999999241 -0.0001946534 -0.0102620290 -0.0015991059 0.0001941136 0.9999987026 0.0027612740
0.9999990353 0.0002430810 0.0013675696 -0.0252656464 -0.0002428765 0.9999999593 -0.0001497237 -0.0090131268 -0.0013676059 0.0001493914 0.9999990537 0.0057864584
0.9999988062 0.0002337435 0.0015274239 -0.0233404396 -0.0002331157 0.9999998883 -0.0004111627 -0.0096482645 -0.0015275199 0.0004108062 0.9999987490 0.0077454378
0.9999994717 0.0002254361 0.0010028823 -0.0219853049 -0.0002254853 0.9999999734 0.0000489829 -0.0096298931 -0.0010028713 -0.0000492090 0.9999994959 0.0037021429
0.9999993319 0.0002009461 0.0011383671 -0.0262694537 -0.0002007881 0.9999999702 -0.0001388850 -0.0092744328 -0.0011383949 0.0001386564 0.9999993424 0.0077484771
0.9999993181 0.0003492783 0.0011143498 -0.0220308618 -0.0003492041 0.9999999368 -0.0000667994 -0.0127780044 -0.0011143731 0.0000664102 0.9999993769 0.0064893311
0.9999993440 0.0002556981 0.0011164786 -0.0209520357 -0.0002556337 0.9999999657 -0.0000577982 -0.0113138990 -0.0011164933 0.0000575127 0.9999993751 0.0053438944
0.9999989464 0.0002935765 0.0014216168 -0.0235368493 -0.0002933883 0.9999999482 -0.0001326057 -0.0140566174 -0.0014216556 0.0001321885 0.9999989807 0.0072449293
0.9999993594 0.0003103175 0.0010885395 -0.0181227314 -0.0003100647 0.9999999249 -0.0002324125 -0.0125922397 -0.0010886115 0.0002320748 0.9999993805 0.0108903477
0.9999992473 0.0003095385 0.0011872316 -0.0213102636 -0.0003093327 0.9999999371 -0.0001735624 -0.0100959121 -0.0011872853 0.0001731950 0.9999992802 0.0089836389
0.9999992393 0.0004105586 0.0011631427 -0.0169264093 -0.0004105018 0.9999999145 -0.0000490792 -0.0116731192 -0.0011631628 0.0000486016 0.9999993223 0.0046827743
0.9999989576 0.0006307686 0.0012988451 -0.0163413800 -0.0006302201 0.9999997121 -0.0004226204 -0.0115498425 -0.0012991113 0.0004218014 0.9999990672 0.0125424368
0.9999989413 0.0003975469 0.0013997520 -0.0208565173 -0.0003968117 0.9999997832 -0.0005254996 -0.0107186688 -0.0013999606 0.0005249436 0.9999988823 0.0125344662
0.9999993436 0.0003382537 0.0010946876 -0.0164620667 -0.0003381167 0.9999999350 -0.0001253158 -0.0112812262 -0.0010947299 0.0001249456 0.9999993930 0.0085027170
0.9999990936 0.0006375120 0.0011859050 -0.0134131355 -0.0006372169 0.9999997659 -0.0002492334 -0.0141824997 -0.0011860637 0.0002484775 0.9999992658 0.0093367284
0.9999983475 0.0004849756 0.0017520749 -0.0169075974 -0.0004841487 0.9999997712 -0.0004723632 -0.0122270243 -0.0017523036 0.0004715142 0.9999983536 0.0105848473
0.9999988683 0.0003734078 0.0014574165 -0.0191695169 -0.0003730632 0.9999999024 -0.0002366989 -0.0123838784 -0.0014575047 0.0002361549 0.9999989100 0.0055240649
0.9999986724 0.0003398263 0.0015936511 -0.0258903266 -0.0003389142 0.9999997787 -0.0005725605 -0.0087841866 -0.0015938454 0.0005720196 0.9999985662 0.0106188683
0.9999987935 0.0004445076 0.0014884436 -0.0183985653 -0.0004438731 0.9999998105 -0.0004265822 -0.0097166232 -0.0014886329 0.0004259210 0.9999988013 0.0078485135
0.9999984109 0.0004266045 0.0017309412 -0.0214607323 -0.0004253665 0.9999996536 -0.0007155151 -0.0070022311 -0.0017312459 0.0007147776 0.9999982459 0.0258913999
0.9999989824 0.0002008213 0.0014123693 -0.0264965566 -0.0002004352 0.9999999425 -0.0002734895 -0.0095543860 -0.0014124241 0.0002732061 0.9999989652 0.0021459760
0.9999993020 0.0004268097 0.0011017414 -0.0249621259 -0.0004267944 0.9999999088 -0.0000141233 -0.0118525524 -0.0011017473 0.0000136531 0.9999993930 -0.0153421246
0.9999997374 0.0006004042 0.0004058605 -0.0205046292 -0.0006006572 0.9999996251 0.0006236383 -0.0205123035 -0.0004054860 -0.0006238819 0.9999997232 -0.0427262565
0.9999967677 0.0006889328 0.0024474301 -0.0151297139 -0.0006867408 0.9999993624 -0.0008963967 -0.0096921832 -0.0024480461 0.0008947130 0.9999966033 0.0175287121
0.9999986641 0.0000498803 0.0016338092 -0.0215510773 -0.0000479434 0.9999992961 -0.0011855402 0.0064385727 -0.0016338671 0.0011854603 0.9999979626 0.1181947403
0.9999994376 0.0000342585 0.0010600367 -0.0157083350 -0.0000328166 0.9999990744 -0.0013601862 0.0120115671 -0.0010600823 0.0013601506 0.9999985131 0.1513862287
0.9999958590 0.0002868891 0.0028634942 -0.0115894542 -0.0002810328 0.9999978687 -0.0020453822 0.0117754742 -0.0028640749 0.0020445690 0.9999938084 0.1197828885
0.9999916944 0.0008724138 0.0039812034 -0.0078447662 -0.0008623694 0.9999964430 -0.0025239554 0.0058421377 -0.0039833911 0.0025205011 0.9999888898 0.1038464228
0.9999844480 0.0011230028 0.0054628332 -0.0059281748 -0.0011068158 0.9999949912 -0.0029652345 0.0011537454 -0.0054661358 0.0029591420 0.9999806822 0.0731629802
0.9999889000 0.0009927060 0.0046059010 -0.0162143998 -0.0009838408 0.9999976601 -0.0019266174 -0.0087945430 -0.0046078028 0.0019220645 0.9999875368 0.0473205414
0.9999924557 0.0007701286 0.0038072899 -0.0267970964 -0.0007647627 0.9999987126 -0.0014106246 -0.0070858077 -0.0038083713 0.0014077023 0.9999917573 0.0562930422
0.9999955358 0.0029621548 0.0003924773 -0.0156879244 -0.0029619010 0.9999954050 -0.0006458231 -0.0192649374 -0.0003943886 0.0006446577 0.9999997144 0.0191506696
0.9999955970 0.0028388090 -0.0008644155 -0.0230118050 -0.0028388379 0.9999959700 -0.0000322076 -0.0199622001 0.0008643206 0.0000346613 0.9999996259 0.0093322348
0.9999678250 0.0023821815 -0.0076599095 -0.0175879883 -0.0023611263 0.9999934131 0.0027566145 -0.0149054140 0.0076664258 -0.0027384398 0.9999668629 0.0367277071
0.9997586415 0.0035772546 -0.0216762989 -0.0020010217 -0.0036489593 0.9999879982 -0.0032693282 -0.0145000500 0.0216643435 0.0033476351 0.9997596959 0.0378244144
0.9996392838 0.0076521349 -0.0257438737 -0.0056403826 -0.0080927826 0.9998217808 -0.0170561857 -0.0111625434 0.0256087694 0.0172583728 0.9995230560 0.0256625509
0.9996652528 0.0122602539 -0.0227830735 -0.0244558149 -0.0127407966 0.9996968593 -0.0210680226 -0.0084765905 0.0225178677 0.0213512446 0.9995184190 0.0208077882
0.9996451501 0.0180440173 -0.0195955965 -0.0118285482 -0.0183856108 0.9996796542 -0.0173942009 -0.0071526904 0.0192754579 0.0177483056 0.9996566682 0.0646403155
0.9995885743 0.0257709627 -0.0125912543 -0.0200002582 -0.0259396817 0.9995733556 -0.0134253376 -0.0116767120 0.0122398984 0.0137464272 0.9998305960 0.0349275349
0.9996589439 0.0261148506 -0.0001021432 -0.0416021497 -0.0261116330 0.9994572155 -0.0200862392 -0.0022384233 -0.0004224614 0.0200820558 0.9997982459 0.0199677184
0.9997062239 0.0234614843 0.0060847897 -0.0118413230 -0.0232488493 0.9991871080 -0.0329334825 -0.0109075486 -0.0068525119 0.0327823431 0.9994390232 0.0396041091
0.9996647161 0.0230101387 0.0118738725 -0.0249022660 -0.0224823224 0.9988298490 -0.0428191311 -0.0101535315 -0.0128452524 0.0425378223 0.9990122788 0.0448248683
0.9998772549 0.0114659874 0.0106773713 -0.0389731062 -0.0108032979 0.9981290809 -0.0601799520 -0.0023290147 -0.0113474174 0.0600572144 0.9981304359 0.0515592912
0.9999442064 -0.0030986065 0.0100986493 -0.0093934511 0.0038363844 0.9972600106 -0.0738766087 -0.0280373363 -0.0098420646 0.0739112292 0.9972162574 0.0398888812
0.9996854050 -0.0128028798 0.0215679705 0.0111307584 0.0141219533 0.9979662749 -0.0621601528 -0.0341443803 -0.0207282782 0.0624451793 0.9978331213 0.0444727900
0.9994675506 -0.0183152113 0.0270031154 0.0263174428 0.0196916005 0.9984726865 -0.0516191367 -0.0359532813 -0.0260164578 0.0521233867 0.9983017061 0.0678241498
0.9992615811 -0.0255593048 0.0286882280 0.0172765532 0.0268134253 0.9986620365 -0.0442173835 -0.0255157902 -0.0275196786 0.0449539622 0.9986099382 0.0787461289
0.9989410379 -0.0308293489 0.0341519267 0.0224854624 0.0321950983 0.9986732480 -0.0401897932 -0.0370474448 -0.0328675904 0.0412467583 0.9986082447 0.0798163083
0.9991424970 -0.0354416303 0.0214047060 0.0063255268 0.0360493449 0.9989376261 -0.0287065132 -0.0257811061 -0.0203645605 0.0294535229 0.9993586817 0.0921531837
0.9985949218 -0.0510272211 0.0142970261 0.0255634718 0.0511308313 0.9986675891 -0.0069774361 -0.0323525848 -0.0139219374 0.0076986510 0.9998734472 0.1082129501
0.9980546593 -0.0603134993 0.0157854005 0.0353540832 0.0605690238 0.9980318409 -0.0162430908 -0.0389924514 -0.0147746547 0.0171675987 0.9997434587 0.1098171200
0.9969890829 -0.0696578004 0.0340669844 0.0414247825 0.0707849165 0.9969429303 -0.0330800446 -0.0469125565 -0.0316585561 0.0353918720 0.9988719394 0.1139029491
0.9965617821 -0.0747775474 0.0356781832 0.0497783397 0.0762166070 0.9962545612 -0.0408396639 -0.0507719888 -0.0324906629 0.0434185183 0.9985285119 0.1168700817
0.9961688405 -0.0829751185 0.0276183067 0.0521360631 0.0837137862 0.9961305120 -0.0267582695 -0.0456748770 -0.0252911674 0.0289677873 0.9992603385 0.1291693141
0.9952449235 -0.0936298100 0.0268514622 0.0654235671 0.0945115435 0.9949532611 -0.0336983151 -0.0524015478 -0.0235607831 0.0360758502 0.9990712800 0.1485577103
0.9950887078 -0.0929806275 0.0339568343 0.0801593384 0.0944060286 0.9945999810 -0.0431089260 -0.0662019009 -0.0297651717 0.0461029353 0.9984931416 0.1566091959
0.9940911078 -0.1001687507 0.0418221322 0.0438410473 0.1017693154 0.9940791926 -0.0380731579 -0.0563095903 -0.0377607707 0.0421043975 0.9983993910 0.1573028619
0.9925465570 -0.1101867231 0.0520597569 0.0568226684 0.1115955791 0.9934399542 -0.0249696639 -0.0549488398 -0.0489669171 0.0305931927 0.9983317573 0.1765542118
0.9895734504 -0.1275691250 0.0668618329 0.0917153749 0.1291068251 0.9914450405 -0.0191874796 -0.0606717710 -0.0638421027 0.0276197394 0.9975777343 0.2154651316
0.9872618479 -0.1428254581 0.0701065776 0.1108501694 0.1441484396 0.9894547143 -0.0141631796 -0.0750728511 -0.0673444211 0.0240885206 0.9974389566 0.2267829287
0.9854418328 -0.1565534945 0.0662977944 0.1134862080 0.1577532179 0.9873899055 -0.0132324160 -0.0764095044 -0.0633901920 0.0234984667 0.9977121357 0.2425079985
0.9831601494 -0.1654508865 0.0776023500 0.1143730563 0.1679535311 0.9854286448 -0.0268700096 -0.0753754023 -0.0720259117 0.0394511114 0.9966222343 0.2562562552
0.9782191017 -0.1818053769 0.1001708237 0.1078741686 0.1828948938 0.9831309590 -0.0017248952 -0.0701139176 -0.0981674428 0.0200080576 0.9949687587 0.2621430114
0.9746706555 -0.2019412061 0.0961085980 0.1372792751 0.1991418552 0.9792344711 0.0379785755 -0.0798550095 -0.1017822915 -0.0178773586 0.9946460502 0.2953425131
0.9702575289 -0.2209976579 0.0987945481 0.1332599105 0.2171552684 0.9749452389 0.0482220962 -0.0749102896 -0.1069762446 -0.0253340953 0.9939387641 0.3151236182
0.9562314570 -0.2516873131 0.1492477705 0.1503534154 0.2471225512 0.9677602466 0.0486882918 -0.0894437157 -0.1566902845 -0.0096747864 0.9876004016 0.2992138353
0.9504462294 -0.2645102223 0.1633594423 0.2228266582 0.2558973696 0.9640131160 0.0720780718 -0.1139167912 -0.1765460318 -0.0267030800 0.9839301013 0.3318019261
0.9478600371 -0.2731788280 0.1641178785 0.2098046153 0.2608342500 0.9608943733 0.0929919214 -0.1078147851 -0.1831033701 -0.0453357623 0.9820477710 0.3617487849
0.9436568715 -0.2894456005 0.1604149406 0.1917028346 0.2749705248 0.9555280495 0.1065709018 -0.1007141689 -0.1841274539 -0.0564569834 0.9812796185 0.3610633629
0.9406805379 -0.2987300630 0.1608740968 0.1979138955 0.2854434358 0.9530874053 0.1007295534 -0.1107468011 -0.1834180214 -0.0488338756 0.9818213086 0.3564350034
0.9369279631 -0.3096949665 0.1620340081 0.1742357308 0.2970743145 0.9498463013 0.0976670654 -0.1098058910 -0.1841544018 -0.0433708628 0.9819399801 0.3495653509
0.9301398024 -0.3377692901 0.1440550405 0.1860895219 0.3248246386 0.9397914533 0.1062119504 -0.1096336184 -0.1712568310 -0.0519993361 0.9838532243 0.3640776363
0.9220778784 -0.3638284446 0.1319137939 0.2416678264 0.3516225429 0.9299903582 0.1071425267 -0.1428927357 -0.1616600553 -0.0524098900 0.9854538193 0.3653988315
0.9194918807 -0.3752055902 0.1172836155 0.2638526058 0.3648545781 0.9256027984 0.1007005283 -0.1548464431 -0.1463414439 -0.0498018541 0.9879797352 0.3735513279
0.9287667015 -0.3555946171 0.1046177927 0.2827767722 0.3484273637 0.9338403314 0.0808740238 -0.1657957795 -0.1264546817 -0.0386613987 0.9912186992 0.3813098708
0.9379493659 -0.3348414699 0.0901785838 0.2023208999 0.3292974263 0.9415504507 0.0710348778 -0.1398845624 -0.1086931091 -0.0369315431 0.9933890825 0.3590581999
0.9368095461 -0.3398419683 0.0830380088 0.2066186476 0.3356411013 0.9400382353 0.0606066609 -0.1327150602 -0.0986555902 -0.0289059298 0.9947017250 0.3584603538
0.9395529374 -0.3352880599 0.0694420244 0.2707752408 0.3309499438 0.9412683715 0.0669775156 -0.1590212474 -0.0878203425 -0.0399470874 0.9953350278 0.3721267834
0.9410360886 -0.3312443841 0.0687621840 0.2242100153 0.3264873505 0.9424587423 0.0719550487 -0.1327237518 -0.0886402273 -0.0452623143 0.9950347899 0.3908448412
0.9422086819 -0.3302046535 0.0566364415 0.2400515945 0.3259457724 0.9425693876 0.0729541155 -0.1459182711 -0.0774735644 -0.0502775924 0.9957258712 0.3680949508
0.9435241221 -0.3285647211 0.0425141746 0.2394711497 0.3248506975 0.9427013370 0.0760671648 -0.1527258171 -0.0650711560 -0.0579604456 0.9961959302 0.3720937106
0.9421723371 -0.3332605359 0.0353369839 0.2152584626 0.3305621674 0.9415007867 0.0656119052 -0.1453516554 -0.0551356568 -0.0501366521 0.9972193216 0.3777919845
0.9373636686 -0.3463896148 0.0369267856 0.2262408988 0.3441617767 0.9372624835 0.0556031335 -0.1525528609 -0.0538704388 -0.0394115691 0.9977698653 0.3730577258
0.9353089454 -0.3521420610 0.0345419387 0.2579379413 0.3494589003 0.9346376594 0.0658097461 -0.1706201235 -0.0554585763 -0.0494814563 0.9972341409 0.3572136227
0.9330183668 -0.3578810571 0.0373881817 0.2535556905 0.3541488379 0.9317089879 0.0806037371 -0.1602228738 -0.0636814555 -0.0619637861 0.9960447588 0.3776603309
0.9317033023 -0.3600746724 0.0476989177 0.2462180832 0.3557346297 0.9311229114 0.0803927671 -0.1579754459 -0.0733609544 -0.0579340498 0.9956213217 0.3733842552
0.9318102242 -0.3604684795 0.0423341636 0.2603470560 0.3571890041 0.9314630848 0.0692281516 -0.1626573273 -0.0643872772 -0.0493862017 0.9967022031 0.3792219799
0.9337415072 -0.3541058929 0.0523050128 0.2393278409 0.3517919442 0.9348164763 0.0485858383 -0.1568979870 -0.0661001194 -0.0269661318 0.9974485460 0.3816602803
0.9338399154 -0.3540735009 0.0507441471 0.2539380173 0.3518483091 0.9348320524 0.0478727598 -0.1592810739 -0.0643877309 -0.0268512516 0.9975636473 0.3804235151
0.9349699323 -0.3501624682 0.0567227597 0.2859926894 0.3474035770 0.9362095041 0.0531273853 -0.1719857137 -0.0717076031 -0.0299668182 0.9969754307 0.3785356626
0.9414409610 -0.3334475705 0.0500163444 0.2679787845 0.3312410839 0.9423463452 0.0475679520 -0.1613859680 -0.0629941373 -0.0282149503 0.9976149835 0.3814715737
0.9451262878 -0.3230567906 0.0486889123 0.2372436578 0.3211795465 0.9460585319 0.0426257325 -0.1431628404 -0.0598330932 -0.0246488175 0.9979040218 0.3933597098
0.9478310030 -0.3153322678 0.0467113546 0.2714586339 0.3138409364 0.9487699199 0.0365992594 -0.1615466946 -0.0558592556 -0.0200299775 0.9982377190 0.3926738292
0.9518367200 -0.3032605018 0.0451655467 0.2435449440 0.3015312636 0.9525611103 0.0413065159 -0.1455454383 -0.0555495780 -0.0256982342 0.9981251651 0.4032613013
0.9513225728 -0.3049077185 0.0449070775 0.2532964204 0.3025344769 0.9516802095 0.0527035967 -0.1492567388 -0.0588069103 -0.0365521820 0.9975999626 0.4037970983
0.9542340158 -0.2980644270 0.0243934500 0.2706958976 0.2960586179 0.9530354162 0.0638184157 -0.1640777823 -0.0422698213 -0.0536758120 0.9976633547 0.4061162663
0.9569673231 -0.2901387892 0.0057467867 0.2585313031 0.2893026014 0.9553875625 0.0594862198 -0.1549841132 -0.0227496683 -0.0552638082 0.9982125846 0.4036997388
0.9564471914 -0.2918881828 -0.0031715634 0.2391003134 0.2915658870 0.9547544389 0.0585943250 -0.1532445871 -0.0140749268 -0.0569670973 0.9982768385 0.3964677104
0.9566396937 -0.2911825066 -0.0072968625 0.2482851167 0.2910208925 0.9544647281 0.0656042903 -0.1559576989 -0.0121382238 -0.0648832076 0.9978190381 0.4007727085
0.9586753434 -0.2840482381 -0.0160681151 0.2955657746 0.2844597417 0.9560244154 0.0714140917 -0.1721169023 -0.0049235365 -0.0730336608 0.9973173232 0.4056016583
0.9627811955 -0.2695306382 -0.0201396286 0.2388870607 0.2702776159 0.9605143423 0.0660470183 -0.1474717173 0.0015427072 -0.0690321181 0.9976132451 0.4087051100
0.9649479127 -0.2598894028 -0.0365106033 0.2568746704 0.2619834132 0.9621125374 0.0755258669 -0.1535192606 0.0154989367 -0.0824437001 0.9964751975 0.4119816064
0.9650183917 -0.2586595923 -0.0428336190 0.2420748412 0.2613570267 0.9620079103 0.0789511562 -0.1483342783 0.0207848064 -0.0873841851 0.9959578284 0.4134954790
0.9614974558 -0.2728619039 -0.0326959316 0.2359432079 0.2745718213 0.9588194637 0.0726329883 -0.1479084791 0.0115307201 -0.0788138149 0.9968226648 0.4129687199
0.9633441841 -0.2664454219 -0.0312221095 0.2776871644 0.2679078061 0.9615442922 0.0604812499 -0.1684449947 0.0139064890 -0.0666289072 0.9976809101 0.4145715677
0.9661917715 -0.2552238013 -0.0365276872 0.2568608949 0.2570398091 0.9645798653 0.0592977235 -0.1626279917 0.0200996812 -0.0666820423 0.9975718060 0.4010360728
0.9649683152 -0.2598679532 -0.0361219819 0.2455162985 0.2618760106 0.9624065715 0.0720732005 -0.1572623669 0.0160345176 -0.0790078354 0.9967450307 0.4001189760
0.9644285255 -0.2626467452 -0.0299049580 0.2453799001 0.2641225205 0.9620626321 0.0683724074 -0.1560165559 0.0108126523 -0.0738388729 0.9972115660 0.4140135645
0.9634303188 -0.2675216468 -0.0153032468 0.2734286306 0.2679489017 0.9613260672 0.0636834256 -0.1626983642 -0.0023252848 -0.0654550312 0.9978528108 0.4258607682
0.9653830668 -0.2602461187 -0.0175354490 0.2875996503 0.2608356870 0.9633331068 0.0628813935 -0.1710119109 0.0005278400 -0.0652785034 0.9978669442 0.4145810524
0.9667084306 -0.2533286033 -0.0360475932 0.2503867723 0.2554039036 0.9638790393 0.0755383588 -0.1608616331 0.0156094925 -0.0822302643 0.9964911075 0.4096894628
0.9672662793 -0.2515098775 -0.0337450222 0.2485062116 0.2534247850 0.9642650922 0.0772574289 -0.1533581849 0.0131081405 -0.0832803308 0.9964399446 0.4140112075
0.9659706593 -0.2569187568 -0.0298904296 0.2674531804 0.2585557040 0.9622905332 0.0845332927 -0.1604357238 0.0070450890 -0.0893850215 0.9959722309 0.4140184150
0.9661805117 -0.2564721242 -0.0267818645 0.2897360142 0.2578196179 0.9627639941 0.0813297998 -0.1617731620 0.0049257884 -0.0854841577 0.9963273535 0.4260127976
0.9693769008 -0.2393323210 -0.0550314854 0.2751238265 0.2434243527 0.9660509665 0.0865454485 -0.1605832210 0.0324500966 -0.0972911624 0.9947268072 0.4082916422
0.9681127787 -0.2446628748 -0.0538305253 0.2438140524 0.2486963283 0.9644786114 0.0890569728 -0.1427886553 0.0301294553 -0.0996046474 0.9945708271 0.4149783104
0.9669611947 -0.2497291391 -0.0511996592 0.2604708967 0.2533059698 0.9638370109 0.0827907121 -0.1500524801 0.0286728732 -0.0930245852 0.9952508693 0.4185815787
0.9655622500 -0.2576354462 -0.0362424934 0.2781591533 0.2595589905 0.9634526437 0.0662429911 -0.1606332989 0.0178513835 -0.0733687965 0.9971450987 0.4200190654
0.9676632780 -0.2496464395 -0.0361169723 0.2926804237 0.2513646427 0.9663038783 0.0554313198 -0.1659857782 0.0210617387 -0.0627173825 0.9978090665 0.4178996139
0.9669350263 -0.2520764740 -0.0386536687 0.2557578043 0.2539455651 0.9656431777 0.0551806423 -0.1513061874 0.0234159097 -0.0631720235 0.9977279141 0.4162315958
0.9661160312 -0.2569119303 -0.0248208444 0.2589148110 0.2579280926 0.9645590017 0.0556689440 -0.1507355950 0.0096391530 -0.0601846522 0.9981407187 0.4167636084
0.9629311387 -0.2696507921 -0.0072161278 0.2695751880 0.2696012592 0.9611850189 0.0586388983 -0.1585417603 -0.0088759915 -0.0584106983 0.9982531779 0.4175377149
0.9632660797 -0.2684583040 -0.0069712742 0.3093170869 0.2683517739 0.9612407642 0.0632733647 -0.1764378013 -0.0102851872 -0.0628198398 0.9979718847 0.4199888972
0.9643019136 -0.2637127979 -0.0240287274 0.2659367784 0.2647580743 0.9618653465 0.0686892809 -0.1566055418 0.0049981577 -0.0725990046 0.9973486867 0.4176188001
0.9648927446 -0.2619007709 -0.0197478524 0.2652407918 0.2626389660 0.9626181983 0.0662342655 -0.1562479459 0.0016628369 -0.0690955177 0.9976086630 0.4177242832
0.9625623402 -0.2707435720 -0.0131018882 0.2620946184 0.2709925165 0.9601147551 0.0688673579 -0.1548268781 -0.0060660783 -0.0698396388 0.9975397875 0.4121813441
0.9637299396 -0.2664693594 -0.0147879663 0.3072286197 0.2668473598 0.9612755389 0.0688609102 -0.1748114278 -0.0041340123 -0.0703094506 0.9975166621 0.4224134281
0.9667925271 -0.2521084876 -0.0418750532 0.2516198911 0.2547351208 0.9638125762 0.0785833075 -0.1510626137 0.0205481840 -0.0866408012 0.9960276822 0.4130195120
0.9670662581 -0.2522661764 -0.0338323622 0.2557715507 0.2541728519 0.9641469793 0.0762677107 -0.1519631243 0.0133796061 -0.0823551976 0.9965132250 0.4241714736
0.9659390937 -0.2572855957 -0.0276729028 0.2673333599 0.2585962164 0.9636698884 0.0668456658 -0.1624039856 0.0094691162 -0.0717249498 0.9973795002 0.4210022827
0.9655589058 -0.2591700767 -0.0229536681 0.2828442795 0.2600599389 0.9640635550 0.0543165724 -0.1651161341 0.0080515646 -0.0584151797 0.9982599056 0.4180334131
0.9667958559 -0.2526717724 -0.0382458939 0.2852047114 0.2544054858 0.9657743590 0.0505740680 -0.1694780639 0.0241582643 -0.0586247646 0.9979877330 0.4177607376
0.9676978691 -0.2463851093 -0.0534341836 0.2688564721 0.2493602148 0.9666214363 0.0588428603 -0.1650404858 0.0371526228 -0.0702664700 0.9968361479 0.4149818178
0.9690531087 -0.2435609771 -0.0401761493 0.2638284004 0.2456732539 0.9674538975 0.0606432887 -0.1557973410 0.0240982336 -0.0686367727 0.9973506247 0.4265646959
0.9667495884 -0.2542530434 -0.0273975046 0.2546176541 0.2553294599 0.9656547946 0.0481423366 -0.1550511275 0.0142161961 -0.0535369741 0.9984646675 0.4264519471
0.9670123142 -0.2544840232 -0.0111832984 0.2986861433 0.2546991735 0.9666433046 0.0270009753 -0.1766323503 0.0039389437 -0.0289586525 0.9995728494 0.4221410680
0.9665468297 -0.2562859814 -0.0102333604 0.2810131809 0.2564853675 0.9660040883 0.0324246449 -0.1708780371 0.0015754861 -0.0339646450 0.9994217932 0.4109310464
0.9662396562 -0.2570190485 -0.0179481339 0.2856021052 0.2575887601 0.9651370200 0.0464603421 -0.1681892453 0.0053812155 -0.0495150625 0.9987588804 0.4239589536
0.9668309302 -0.2551419927 -0.0118539426 0.2763860706 0.2554172080 0.9657977348 0.0446854029 -0.1622408660 0.0000473882 -0.0462309306 0.9989307778 0.4258682322
0.9646672990 -0.2634654709 -0.0017169155 0.2833360368 0.2632291812 0.9634820370 0.0491198791 -0.1660370312 -0.0112871749 -0.0478362834 0.9987914145 0.4208473994
0.9648736687 -0.2626796841 -0.0042646206 0.3182090994 0.2626093956 0.9639026075 0.0439097776 -0.1821075642 -0.0074235276 -0.0434873177 0.9990263983 0.4258971066
0.9681855520 -0.2491653254 -0.0230949657 0.2725165645 0.2499528860 0.9673411963 0.0421255835 -0.1603170663 0.0118444770 -0.0465580347 0.9988453623 0.4114545154
