1.0000000000 0.0000000000 -0.0000000000 -0.0000000000 -0.0000000000 1.0000000000 -0.0000000000 0.0000000000 0.0000000000 0.0000000000 1.0000000000 -0.0000000000
0.9999999949 -0.0000777068 -0.0000645612 -0.0018413551 0.0000777025 0.9999999947 -0.0000670210 -0.0002431399 0.0000645664 0.0000670160 0.9999999957 0.0074871832
0.9999999868 -0.0001474616 -0.0000687563 -0.0075101490 0.0001474721 0.9999999775 0.0001526032 -0.0045175233 0.0000687338 -0.0001526134 0.9999999860 0.0149237359
0.9999999746 -0.0002244742 -0.0000225652 -0.0028834053 0.0002244779 0.9999999609 0.0001668496 0.0051472377 0.0000225278 -0.0001668547 0.9999999858 0.0025506748
0.9999999947 -0.0001006539 -0.0000224142 -0.0016120870 0.0001006561 0.9999999900 0.0000989334 -0.0019956964 0.0000224043 -0.0000989357 0.9999999949 -0.0038630956
0.9999999951 -0.0000768748 -0.0000616277 0.0086242907 0.0000768784 0.9999999954 0.0000573359 0.0032452387 0.0000616233 -0.0000573406 0.9999999965 0.0070824299
0.9999999983 -0.0000579421 0.0000046725 0.0052274800 0.0000579418 0.9999999971 0.0000497332 -0.0010486038 -0.0000046754 -0.0000497329 0.9999999988 0.0010327596
0.9999999849 -0.0001737294 -0.0000083506 -0.0026001490 0.0001737304 0.9999999774 0.0001229461 0.0028269281 0.0000083292 -0.0001229476 0.9999999924 -0.0027447886
0.9999999796 -0.0002006332 -0.0000212583 -0.0003248290 0.0002006320 0.9999999784 -0.0000548999 -0.0022090500 0.0000212693 0.0000548956 0.9999999983 -0.0031696506
0.9999999871 -0.0001406984 -0.0000768812 -0.0040662196 0.0001406865 0.9999999781 -0.0001547284 0.0030412319 0.0000769030 0.0001547175 0.9999999851 0.0045492040
0.9999999979 -0.0000634108 -0.0000122541 -0.0139315355 0.0000634095 0.9999999925 -0.0001048474 -0.0056989875 0.0000122608 0.0001048466 0.9999999944 0.0054487000
0.9999999841 -0.0001734401 -0.0000411313 0.0061187013 0.0001734377 0.9999999833 -0.0000580001 0.0002770748 0.0000411414 0.0000579930 0.9999999975 0.0002022225
0.9999999988 -0.0000183256 -0.0000456629 0.0055145846 0.0000183202 0.9999999928 -0.0001187293 -0.0038707311 0.0000456651 0.0001187285 0.9999999919 -0.0017667262
0.9999999929 -0.0000657511 -0.0000989888 -0.0042471312 0.0000657426 0.9999999941 -0.0000861742 -0.0004337575 0.0000989944 0.0000861676 0.9999999914 0.0108608322
0.9999999735 -0.0002094832 -0.0000958272 -0.0076056637 0.0002094708 0.9999999697 -0.0001294589 -0.0033341447 0.0000958544 0.0001294389 0.9999999870 -0.0016160241
0.9999999893 -0.0001310719 -0.0000647905 -0.0039791173 0.0001310722 0.9999999914 0.0000034633 -0.0055075828 0.0000647901 -0.0000034717 0.9999999979 0.0034762501
0.9999999998 -0.0000151149 0.0000110058 0.0039056703 0.0000151151 0.9999999997 -0.0000205376 0.0026606048 -0.0000110055 0.0000205378 0.9999999997 0.0018564388
0.9999999978 -0.0000449032 0.0000492428 0.0037097931 0.0000449041 0.9999999988 -0.0000191983 0.0070430893 -0.0000492419 0.0000192005 0.9999999986 -0.0018322349
0.9999999948 -0.0000896482 0.0000493604 0.0027619674 0.0000896477 0.9999999959 0.0000101166 -0.0029681958 -0.0000493613 -0.0000101122 0.9999999987 -0.0070774176
0.9999999847 -0.0001414648 -0.0001027878 -0.0005089146 0.0001414713 0.9999999880 0.0000632223 -0.0008937157 0.0001027788 -0.0000632369 0.9999999927 -0.0098774332
0.9999999733 -0.0001880300 -0.0001343054 -0.0058937998 0.0001880174 0.9999999779 -0.0000942748 -0.0028179535 0.0001343231 0.0000942495 0.9999999865 -0.0032009026
0.9999999899 -0.0000765692 -0.0001196898 -0.0081971692 0.0000765437 0.9999999744 -0.0002128167 -0.0069551156 0.0001197061 0.0002128075 0.9999999702 0.0040349117
0.9999999848 -0.0001473820 -0.0000930789 -0.0217132303 0.0001473651 0.9999999727 -0.0001815521 -0.0121903531 0.0000931056 0.0001815384 0.9999999792 0.0039856427
0.9999999484 -0.0003147403 -0.0000646381 -0.0120494615 0.0003147363 0.9999999486 -0.0000614161 -0.0041868589 0.0000646574 0.0000613957 0.9999999960 0.0091564587
0.9999999944 -0.0001005410 -0.0000328647 -0.0095549911 0.0001005343 0.9999999743 -0.0002030718 -0.0082785913 0.0000328851 0.0002030685 0.9999999788 0.0149522165
0.9999999871 -0.0000624259 -0.0001476725 -0.0063660629 0.0000623989 0.9999999814 -0.0001824798 -0.0046019286 0.0001476839 0.0001824706 0.9999999724 0.0135894532
0.9999999831 -0.0001621271 -0.0000867361 -0.0098500471 0.0001621091 0.9999999652 -0.0002080425 -0.0034810431 0.0000867698 0.0002080285 0.9999999746 0.0129705347
0.9999999887 -0.0001072264 -0.0001055541 -0.0071429866 0.0001071968 0.9999999548 -0.0002807385 -0.0047234137 0.0001055842 0.0002807272 0.9999999550 0.0142440395
0.9999999900 -0.0001386539 0.0000281203 -0.0053348833 0.0001386627 0.9999999409 -0.0003147359 -0.0043883392 -0.0000280767 0.0003147398 0.9999999501 0.0125959628
0.9999999771 -0.0002048515 -0.0000616714 -0.0081296915 0.0002048265 0.9999998967 -0.0004057610 -0.0096523359 0.0000617545 0.0004057483 0.9999999158 0.0095480027
0.9999999672 -0.0001702427 -0.0001911684 -0.0125821953 0.0001701645 0.9999999020 -0.0004088171 -0.0097914903 0.0001912380 0.0004087846 0.9999998982 0.0036510966
0.9999999428 -0.0001616268 -0.0002969776 -0.0217689568 0.0001616207 0.9999999867 -0.0000207754 -0.0080104171 0.0002969810 0.0000207274 0.9999999557 -0.0076061088
0.9999999536 -0.0001903930 -0.0002377800 -0.0127783734 0.0001904318 0.9999999686 0.0001631050 -0.0018129097 0.0002377489 -0.0001631503 0.9999999584 -0.0106097046
0.9999999770 -0.0000350019 -0.0002115372 -0.0140803159 0.0000349589 0.9999999788 -0.0002030207 -0.0111040511 0.0002115443 0.0002030133 0.9999999570 -0.0030252514
0.9999999735 -0.0001778697 -0.0001459133 -0.0087192785 0.0001777975 0.9999998620 -0.0004944223 -0.0085599686 0.0001460013 0.0004943963 0.9999998671 0.0142178817
0.9999999729 -0.0001768901 -0.0001515641 -0.0173100789 0.0001768678 0.9999999735 -0.0001470510 -0.0047331162 0.0001515901 0.0001470242 0.9999999777 0.0140131787
0.9999999573 -0.0001182533 -0.0002671635 -0.0093491732 0.0001182190 0.9999999848 -0.0001282155 -0.0002135941 0.0002671787 0.0001281840 0.9999999561 0.0094796721
0.9999999893 -0.0000687976 -0.0001287234 -0.0098474058 0.0000687871 0.9999999943 -0.0000816403 -0.0059232784 0.0001287290 0.0000816315 0.9999999884 0.0103689059
0.9999999809 -0.0000645925 -0.0001845879 -0.0129064505 0.0000645436 0.9999999628 -0.0002650269 -0.0052346521 0.0001846050 0.0002650150 0.9999999478 0.0117021350
0.9999999829 -0.0001176453 -0.0001423995 -0.0138747608 0.0001176137 0.9999999685 -0.0002217713 -0.0010452367 0.0001424256 0.0002217546 0.9999999653 0.0104025270
0.9999999801 -0.0001484866 -0.0001330333 -0.0087574227 0.0001484872 0.9999999890 0.0000040181 0.0029798651 0.0001330327 -0.0000040379 0.9999999911 0.0105722920
0.9999999688 -0.0002051713 -0.0001427861 -0.0065925344 0.0002051614 0.9999999765 -0.0000695320 0.0012774268 0.0001428004 0.0000695027 0.9999999874 0.0078716584
0.9999999897 -0.0000854153 -0.0001150997 -0.0045410466 0.0000854081 0.9999999943 -0.0000633425 0.0006818747 0.0001151051 0.0000633326 0.9999999914 0.0119308448
0.9999999728 -0.0001476572 -0.0001802945 -0.0056959932 0.0001476546 0.9999999890 -0.0000141672 0.0017666626 0.0001802966 0.0000141405 0.9999999836 0.0098153447
0.9999999727 -0.0001945955 -0.0001293073 -0.0075693060 0.0001946062 0.9999999777 0.0000826318 0.0033952823 0.0001292912 -0.0000826570 0.9999999882 0.0077243155
0.9999999829 -0.0001638024 -0.0000858866 -0.0082394126 0.0001638134 0.9999999783 0.0001285557 0.0015614631 0.0000858655 -0.0001285698 0.9999999880 0.0070337339
0.9999999840 -0.0001235411 -0.0001296443 -0.0051780026 0.0001235590 0.9999999829 0.0001379602 0.0016907728 0.0001296273 -0.0001379762 0.9999999821 0.0089549969
0.9999999824 -0.0000269870 -0.0001856144 -0.0052663903 0.0000270197 0.9999999841 0.0001761076 0.0038777352 0.0001856096 -0.0001761126 0.9999999673 0.0101915319
0.9999999720 -0.0000751266 -0.0002242462 -0.0070327362 0.0000752046 0.9999999366 0.0003479208 0.0030426273 0.0002242200 -0.0003479377 0.9999999143 0.0099539941
0.9999999635 -0.0000143897 -0.0002696489 -0.0075518228 0.0000144933 0.9999999261 0.0003841689 0.0011969693 0.0002696434 -0.0003841728 0.9999998899 0.0087446299
0.9999999537 -0.0000008281 -0.0003043398 -0.0066649584 0.0000009377 0.9999999352 0.0003599860 0.0033455653 0.0003043395 -0.0003599862 0.9999998889 0.0087929631
0.9999999743 0.0000380933 -0.0002233267 -0.0048131251 -0.0000379913 0.9999998948 0.0004571268 0.0027295801 0.0002233441 -0.0004571183 0.9999998706 0.0101054835
0.9999999927 -0.0000094413 -0.0001201250 -0.0065886980 0.0000094982 0.9999998876 0.0004741058 0.0009407832 0.0001201205 -0.0004741070 0.9999998804 0.0095132199
0.9999999818 -0.0000235849 -0.0001894230 -0.0051692089 0.0000236652 0.9999999098 0.0004241339 0.0044332883 0.0001894129 -0.0004241384 0.9999998921 0.0108237411
0.9999999495 -0.0000725759 -0.0003093690 -0.0045181157 0.0000727248 0.9999998816 0.0004812205 0.0009847886 0.0003093340 -0.0004812430 0.9999998364 0.0093745583
0.9999999262 -0.0001239179 -0.0003635714 -0.0052408315 0.0001241123 0.9999998494 0.0005345823 -0.0009066617 0.0003635051 -0.0005346274 0.9999997910 0.0095007452
0.9999998627 -0.0000082479 -0.0005240433 -0.0009635868 0.0000084932 0.9999998904 0.0004680088 0.0006522735 0.0005240394 -0.0004680132 0.9999997532 0.0103636767
0.9999998863 -0.0001015430 -0.0004659098 0.0010295908 0.0001017346 0.9999999103 0.0004111267 0.0026413885 0.0004658680 -0.0004111740 0.9999998070 0.0075664838
0.9999998566 -0.0001275556 -0.0005201654 -0.0012531683 0.0001277762 0.9999999019 0.0004240665 0.0001078694 0.0005201112 -0.0004241329 0.9999997748 0.0094731531
0.9999998095 -0.0000770460 -0.0006124025 0.0060304245 0.0000773817 0.9999998468 0.0005480774 -0.0033552378 0.0006123601 -0.0005481247 0.9999996623 0.0115448872
0.9999995395 -0.0002038124 -0.0009378182 0.0127204347 0.0002043064 0.9999998405 0.0005266389 -0.0062555003 0.0009377107 -0.0005268302 0.9999994216 0.0117972110
0.9999992925 0.0003824331 -0.0011263877 0.0177125593 -0.0003819689 0.9999998420 0.0004123534 -0.0020159323 0.0011265452 -0.0004119229 0.9999992806 0.0131613141
0.9999984072 0.0012836268 -0.0012401362 0.0300212122 -0.0012831340 0.9999990975 0.0003980939 -0.0047423433 0.0012406461 -0.0003965020 0.9999991518 0.0160875109
0.9999930494 0.0034419510 -0.0014332365 0.0382191097 -0.0034413611 0.9999939929 0.0004138538 -0.0056917848 0.0014346524 -0.0004089186 0.9999988873 0.0177644521
0.9999776063 0.0065530733 -0.0013579615 0.0523288103 -0.0065526604 0.9999784836 0.0003082949 -0.0051804487 0.0013599526 -0.0002993898 0.9999990304 0.0182546629
0.9999411770 0.0107795971 -0.0012011599 0.0686954567 -0.0107790804 0.9999418090 0.0004358790 -0.0068328087 0.0012057886 -0.0004229059 0.9999991836 0.0202962136
0.9998590554 0.0167391201 -0.0012927829 0.0883965766 -0.0167381995 0.9998596476 0.0007196330 -0.0076197969 0.0013046475 -0.0006978927 0.9999989054 0.0214755012
0.9996930430 0.0247340049 -0.0014313234 0.1132608512 -0.0247327415 0.9996936995 0.0008937136 -0.0019632279 0.0014529901 -0.0008580387 0.9999985763 0.0217898107
0.9993899446 0.0349000142 -0.0013144210 0.1372832964 -0.0348988363 0.9993904370 0.0009086622 -0.0084991446 0.0013453321 -0.0008622361 0.9999987233 0.0181107747
0.9988593729 0.0477378507 -0.0010250865 0.1664241326 -0.0477372441 0.9988597427 0.0006083019 -0.0083166442 0.0010529567 -0.0005586732 0.9999992896 0.0157282054
0.9980415521 0.0625484205 -0.0008691508 0.2049057374 -0.0625482531 0.9980419171 0.0002185367 -0.0082632263 0.0008811181 -0.0001637449 0.9999995984 0.0200121726
0.9968730793 0.0790164271 -0.0006840563 0.2367265295 -0.0790164910 0.9968733067 -0.0000667897 -0.0057535642 0.0006766400 0.0001206326 0.9999997638 0.0160391354
0.9952508852 0.0973410654 -0.0006265464 0.2770803368 -0.0973410096 0.9952510807 0.0001189642 -0.0113164214 0.0006351511 -0.0000574106 0.9999997966 0.0104050505
0.9931714942 0.1166628404 -0.0004059101 0.3198743026 -0.1166626403 0.9931714817 0.0004861240 -0.0129173949 0.0004598510 -0.0004354500 0.9999997995 0.0135726314
0.9906657325 0.1363132363 -0.0003288468 0.3570615512 -0.1363130822 0.9906657047 0.0004528583 -0.0116285893 0.0003875078 -0.0004038050 0.9999998434 0.0159051196
0.9877253605 0.1562004670 -0.0001624252 0.3976927995 -0.1562003668 0.9877252578 0.0005104757 -0.0100430875 0.0002401680 -0.0004788389 0.9999998565 0.0160154476
0.9842928226 0.1765435855 0.0000414159 0.4377410431 -0.1765435826 0.9842926827 0.0005275342 -0.0139571111 0.0000523674 -0.0005265599 0.9999998600 0.0130550107
0.9805055512 0.1964913820 0.0000294242 0.4760762068 -0.1964913634 0.9805053674 0.0006071778 -0.0212691303 0.0000904546 -0.0006011229 0.9999998152 0.0144827006
0.9762802282 0.2165107265 -0.0001458482 0.5183994120 -0.2165106523 0.9762801695 0.0004100307 -0.0216878034 0.0002311647 -0.0003687271 0.9999999053 0.0120469394
0.9717924446 0.2358376895 0.0001700092 0.5519959541 -0.2358377200 0.9717924335 0.0001897784 -0.0304427577 -0.0001204568 -0.0002245198 0.9999999675 0.0113937741
0.9671093583 0.2543609213 0.0001038840 0.5856821873 -0.2543609423 0.9671092932 0.0003551707 -0.0261273942 -0.0000101256 -0.0003699129 0.9999999315 0.0224184839
0.9624290622 0.2715330269 0.0003399341 0.6088707815 -0.2715332384 0.9624284222 0.0011102131 -0.0362843532 -0.0000257027 -0.0011608047 0.9999993259 0.0225103225
0.9576719417 0.2878611261 0.0006512496 0.6389286308 -0.2878618428 0.9576702664 0.0017945381 -0.0353895700 -0.0001071046 -0.0019060487 0.9999981778 0.0192744905
0.9528325001 0.3034961218 0.0005751356 0.6697567483 -0.3034966646 0.9528310078 0.0016867847 -0.0477140068 -0.0000360744 -0.0017817750 0.9999984120 0.0149549358
0.9476064436 0.3194399553 0.0003781949 0.6996242827 -0.3194401764 0.9476056136 0.0012549443 -0.0622589410 0.0000424997 -0.0013100040 0.9999991410 0.0197067509
0.9422217376 0.3349897321 0.0002768662 0.7288249551 -0.3349898406 0.9422212443 0.0009661712 -0.0692180192 0.0000627882 -0.0010030948 0.9999994949 0.0238384697
0.9367508720 0.3499967124 0.0003243060 0.7554019744 -0.3499968436 0.9367501125 0.0011984322 -0.0757679584 0.0001156536 -0.0012361385 0.9999992293 0.0261192501
0.9309386825 0.3651753300 0.0003844450 0.7786471751 -0.3651753367 0.9309365776 0.0020154119 -0.0814422877 0.0003780848 -0.0020166147 0.9999978952 0.0280790211
0.9248857512 0.3802443772 0.0007489321 0.8023949695 -0.3802450125 0.9248822638 0.0025551188 -0.0903507874 0.0002788955 -0.0026479706 0.9999964552 0.0235774421
0.9183604305 0.3957432876 0.0011704461 0.8335371975 -0.3957449909 0.9183574542 0.0023427429 -0.1011956328 -0.0001477632 -0.0026146805 0.9999965708 0.0210903917
0.9113306613 0.4116740936 0.0009308263 0.8714592568 -0.4116751454 0.9113282093 0.0021141458 -0.1110846826 0.0000220508 -0.0023098839 0.9999973320 0.0303192261
0.9036631227 0.4282427246 0.0010628011 0.8989298584 -0.4282440391 0.9036599778 0.0023848535 -0.1289466252 0.0000608854 -0.0026102424 0.9999965915 0.0294050354
0.8952274575 0.4456081083 0.0011014757 0.9415671184 -0.4456094653 0.8952243699 0.0023520345 -0.1358449995 0.0000620177 -0.0025964339 0.9999966273 0.0264443731
0.8859858045 0.4637118191 0.0007093297 0.9622702992 -0.4637120980 0.8859826330 0.0024216154 -0.1550340862 0.0004944779 -0.0024744416 0.9999968163 0.0268508657
0.8753890047 0.4834191539 0.0001100708 1.0013517862 -0.4834181384 0.8753866507 0.0022616882 -0.1719703985 0.0009969889 -0.0020330672 0.9999974363 0.0288999651
0.8638537552 0.5037424630 0.0004695518 1.0388811384 -0.5037423166 0.8638516310 0.0020095153 -0.1904045870 0.0006066551 -0.0019724604 0.9999978707 0.0257526053
0.8508897715 0.5253442643 -0.0000287216 1.0768239941 -0.5253433697 0.8508884209 0.0017997296 -0.2090472937 0.0009699165 -0.0015162828 0.9999983801 0.0297162094
0.8363995082 0.5481202723 -0.0001728074 1.1240014504 -0.5481177057 0.8363964785 0.0028127484 -0.2420711462 0.0016862599 -0.0022578626 0.9999960293 0.0354706723
0.8208730287 0.5711106264 0.0003509256 1.1660908211 -0.5711084953 0.8208679352 0.0033044748 -0.2627250164 0.0015991571 -0.0029129709 0.9999944786 0.0342757015
0.8033802931 0.5954660904 0.0004897570 1.2095019753 -0.5954641204 0.8033748706 0.0033613301 -0.2949231985 0.0016080996 -0.0029920591 0.9999942308 0.0302487899
0.7841758270 0.6205386036 0.0003373344 1.2620785259 -0.6205357876 0.7841703727 0.0034875363 -0.3246614391 0.0018996233 -0.0029441697 0.9999938616 0.0348500729
0.7631291860 0.6462450836 0.0010664810 1.3071858181 -0.6462438298 0.7631213863 0.0038291339 -0.3631019850 0.0016607045 -0.0036113306 0.9999921001 0.0366956146
0.7414719945 0.6709813259 0.0018280327 1.3662066276 -0.6709825570 0.7414625737 0.0039572840 -0.3980377205 0.0012998458 -0.0041607933 0.9999904991 0.0364726056
0.7187806875 0.6952345361 0.0018064102 1.4157775551 -0.6952353096 0.7187711073 0.0039949567 -0.4350485137 0.0014790364 -0.0041273779 0.9999903886 0.0306028232
0.6970461183 0.7170243988 0.0016494053 1.4708526611 -0.7170245556 0.6970375140 0.0038066674 -0.4864546332 0.0015797760 -0.0038360868 0.9999913943 0.0261363144
0.6745499445 0.7382278562 0.0014158795 1.5154773551 -0.7382283060 0.6745448658 0.0028622108 -0.5332350584 0.0011578895 -0.0029759465 0.9999949015 0.0243507756
0.6523382978 0.7579262395 0.0016002214 1.5705515236 -0.7579271621 0.6523331810 0.0027996332 -0.5824203879 0.0010780379 -0.0030391592 0.9999948007 0.0343480322
0.6294876146 0.7770062955 0.0025612015 1.6131293522 -0.7770099660 0.6294798247 0.0032654248 -0.6307656808 0.0009250309 -0.0040456236 0.9999913886 0.0328211625
0.6094034878 0.7928506612 0.0039010465 1.6731022945 -0.7928601212 0.6093931134 0.0035863082 -0.6822965488 0.0004661360 -0.0052784929 0.9999859600 0.0269400100
0.5960464647 0.8029372482 0.0045152419 1.7332028469 -0.8029497068 0.5960411836 0.0025837691 -0.7326370389 -0.0006166656 -0.0051655586 0.9999864683 0.0176611651
0.5869546930 0.8096028756 0.0052318480 1.7646159466 -0.8096145696 0.5869618442 0.0002053227 -0.7924807681 -0.0029046653 -0.0043562955 0.9999862927 0.0044758689
0.5798103450 0.8147413313 0.0040653239 1.7941744119 -0.8147437863 0.5798193318 -0.0014509392 -0.8444292754 -0.0035392935 -0.0024709278 0.9999906839 0.0097811029
0.5731500405 0.8194402687 0.0040837731 1.8277423468 -0.8194371443 0.5731620142 -0.0028411310 -0.9122674361 -0.0046688008 -0.0017180010 0.9999876253 0.0224467076
0.5679635444 0.8230403306 0.0046932353 1.8741919044 -0.8230273734 0.5679817535 -0.0047613296 -0.9689266529 -0.0065844383 -0.0011583995 0.9999776514 0.0170242813
0.5636488277 0.8259949032 0.0056937583 1.9097179589 -0.8259830783 0.5636741269 -0.0048407603 -1.0168698885 -0.0072078676 -0.0019744592 0.9999720737 0.0150976295
0.5589652794 0.8291715527 0.0056879393 1.9374979139 -0.8291639226 0.5589893326 -0.0042562282 -1.0648193505 -0.0067086407 -0.0023371503 0.9999747656 0.0118734753
0.5546398279 0.8320703989 0.0057890074 1.9701302380 -0.8320606424 0.5546654519 -0.0046177752 -1.1096732761 -0.0070532765 -0.0022556032 0.9999725814 0.0119425145
0.5502312218 0.8349890486 0.0062362899 1.9991609421 -0.8349732333 0.5502623873 -0.0055682061 -1.1541315815 -0.0080809869 -0.0021433343 0.9999650513 0.0133742971
0.5461749987 0.8376463471 0.0064395638 2.0331849219 -0.8376283300 0.5462086566 -0.0059062929 -1.1959909832 -0.0084647302 -0.0021680915 0.9999618231 0.0102125283
0.5425331341 0.8400165520 0.0054763769 2.0697740562 -0.8400006860 0.5425582390 -0.0054226276 -1.2407797906 -0.0075263503 -0.0016582052 0.9999703018 0.0093683983
0.5385195164 0.8426032499 0.0040612471 2.0957630414 -0.8425864409 0.5385345583 -0.0053496845 -1.2823172231 -0.0066947835 -0.0005410422 0.9999774433 0.0092386185
0.5343916175 0.8452303605 0.0033521398 2.1200106978 -0.8452081500 0.5344019416 -0.0061439407 -1.3258287409 -0.0069844353 0.0004500145 0.9999755073 0.0133427284
0.5304101911 0.8477355306 0.0030820988 2.1526941642 -0.8477149939 0.5304188813 -0.0059244766 -1.3675599207 -0.0066571928 0.0005296614 0.9999777004 0.0179017847
0.5268463895 0.8499511362 0.0039934913 2.1788942161 -0.8499388713 0.5268606890 -0.0046614819 -1.4107065994 -0.0060660455 -0.0009383386 0.9999811611 0.0207621987
0.5226419571 0.8525449243 0.0035407237 2.2077197106 -0.8525367367 0.5226529988 -0.0038672132 -1.4537442082 -0.0051475429 -0.0009974292 0.9999862539 0.0147728533
0.5184850854 0.8550810344 0.0031049830 2.2307028667 -0.8550733292 0.5184938619 -0.0037036296 -1.4923859400 -0.0047768181 -0.0007347114 0.9999883210 0.0177500158
0.5141306762 0.8577086756 0.0023399974 2.2652082214 -0.8576970152 0.5141359152 -0.0044822738 -1.5308869440 -0.0050475618 0.0002974657 0.9999872167 0.0186383454
0.5092543626 0.8606123262 0.0025334094 2.2900391463 -0.8605997866 0.5092606296 -0.0046495593 -1.5756157338 -0.0052916338 0.0001875568 0.9999859816 0.0226701410
0.5047215745 0.8632776998 0.0027830493 2.3149538331 -0.8632674430 0.5047291729 -0.0042170923 -1.6183742123 -0.0050452078 -0.0002740584 0.9999872353 0.0201795838
0.4998109048 0.8661292525 0.0030294352 2.3436670456 -0.8661204490 0.4998196687 -0.0039581042 -1.6568471317 -0.0049424011 -0.0006455521 0.9999875779 0.0176720610
0.4936371866 0.8696652256 0.0021733168 2.3727610177 -0.8696534587 0.4936418468 -0.0045374990 -1.6991664460 -0.0050189452 0.0003498458 0.9999873438 0.0166392285
0.4866579174 0.8735905622 0.0018976353 2.3965540083 -0.8735766116 0.4866610012 -0.0049973459 -1.7451488876 -0.0052891393 0.0007742682 0.9999857127 0.0176043429
0.4789299053 0.8778516712 0.0016090761 2.4237441771 -0.8778394022 0.4789318593 -0.0047178456 -1.7935528978 -0.0049122065 0.0008470069 0.9999875763 0.0215748546
0.4710326575 0.8821131124 0.0021662327 2.4584466860 -0.8821044351 0.4710376338 -0.0039132038 -1.8390170265 -0.0044722655 -0.0000675967 0.9999899971 0.0243151120
0.4628224167 0.8864479046 0.0023501206 2.4777660378 -0.8864411402 0.4628281488 -0.0034942308 -1.8890816981 -0.0041851556 -0.0004660352 0.9999911336 0.0183979937
0.4545465780 0.8907201295 0.0022492934 2.5026717277 -0.8907119826 0.4545520645 -0.0038190084 -1.9356513284 -0.0044240886 -0.0002675554 0.9999901779 0.0209124181
0.4457215928 0.8951694831 0.0019642529 2.5325926305 -0.8951583380 0.4457258587 -0.0044731224 -1.9907609771 -0.0048797210 0.0002354499 0.9999880664 0.0194157737
0.4381277551 0.8989096287 0.0023557634 2.5586659168 -0.8988972133 0.4381340858 -0.0047246918 -2.0387150570 -0.0052792112 -0.0000475705 0.9999860637 0.0174517262
0.4310336935 0.9023327216 0.0023695238 2.5871184550 -0.9023215621 0.4310401592 -0.0044921877 -2.0946567747 -0.0050748079 -0.0002017882 0.9999871027 0.0135513232
0.4240246995 0.9056481107 0.0021339587 2.6152732523 -0.9056376568 0.4240300602 -0.0043523146 -2.1418558560 -0.0048465281 -0.0000871044 0.9999882517 0.0154635914
0.4180841935 0.9084064913 0.0018038100 2.6380401573 -0.9083950874 0.4180879990 -0.0045596355 -2.1941220469 -0.0048961538 0.0002677394 0.9999879779 0.0125987596
0.4121469990 0.9111154931 0.0018464764 2.6604778930 -0.9111062580 0.4121511351 -0.0041022567 -2.2484902631 -0.0044986570 0.0000083965 0.9999898810 0.0200861361
0.4065144125 0.9136423016 0.0019434859 2.6879610940 -0.9136350843 0.4065189516 -0.0036434596 -2.3017565890 -0.0041188826 -0.0002945180 0.9999914740 0.0185972775
0.4006092825 0.9162469232 0.0019438432 2.7125952320 -0.9162398425 0.4006138610 -0.0036173636 -2.3487767805 -0.0040931288 -0.0003318772 0.9999915680 0.0162093646
0.3946352803 0.9188372888 0.0010160031 2.7364878868 -0.9188290823 0.3946361038 -0.0039323183 -2.4016097255 -0.0040141122 0.0006182983 0.9999917523 0.0148306836
0.3887481615 0.9213439800 0.0003706579 2.7602518272 -0.9213336447 0.3887456502 -0.0045972429 -2.4593287367 -0.0043797337 0.0014456701 0.9999893639 0.0172598484
0.3832481691 0.9236452388 0.0005601122 2.7813472990 -0.9236344438 0.3832465038 -0.0046402198 -2.5123608649 -0.0045005779 0.0012610169 0.9999890773 0.0163010955
0.3776767773 0.9259374850 0.0001605745 2.8079179220 -0.9259287173 0.3776739450 -0.0042897169 -2.5695673284 -0.0040326545 0.0014714459 0.9999907862 0.0129682122
0.3713883499 0.9284776056 -0.0001715917 2.8344832324 -0.9284694534 0.3713843012 -0.0042632000 -2.6258492457 -0.0038945593 0.0017426204 0.9999908978 0.0153643590
0.3651608576 0.9309437607 -0.0011236111 2.8601286329 -0.9309379819 0.3651535637 -0.0041651742 -2.6861885331 -0.0034672524 0.0025669708 0.9999906944 0.0147883754
0.3585925153 0.9334935261 -0.0011157073 2.8832611589 -0.9334892262 0.3585864525 -0.0036906141 -2.7418355131 -0.0030450868 0.0023649273 0.9999925673 0.0181737161
0.3516189471 0.9361416854 -0.0016914142 2.9107229455 -0.9361400064 0.3516124392 -0.0032528389 -2.8078050816 -0.0024503958 0.0027271603 0.9999932791 0.0140674874
0.3445537066 0.9387645120 -0.0019835054 2.9383560481 -0.9387633200 0.3445461393 -0.0033744628 -2.8751184927 -0.0024844168 0.0030247257 0.9999923393 0.0174308664
0.3373609467 0.9413725700 -0.0022969657 2.9668678637 -0.9413699804 0.3373497517 -0.0042077346 -2.9377344002 -0.0031861651 0.0035818199 0.9999885094 0.0171308236
0.3302062128 0.9439048438 -0.0027391585 2.9827957866 -0.9439032940 0.3301929617 -0.0043794485 -3.0045461985 -0.0032293318 0.0040316219 0.9999866586 0.0104390548
0.3228094711 0.9464567068 -0.0037077582 3.0109570730 -0.9464600276 0.3227943435 -0.0041506505 -3.0702198732 -0.0027315677 0.0048491142 0.9999845122 0.0129492805
0.3148033412 0.9491471560 -0.0043049569 3.0367320145 -0.9491544012 0.3147888220 -0.0037309707 -3.1363382633 -0.0021860880 0.0052605908 0.9999837735 0.0163674549
0.3066789604 0.9518034030 -0.0042775275 3.0603987033 -0.9518111032 0.3066662403 -0.0033824360 -3.2066928584 -0.0019076408 0.0051087201 0.9999851308 0.0191810401
0.2982566331 0.9544734625 -0.0048363468 3.0876860208 -0.9544845631 0.2982445710 -0.0030650817 -3.2759303063 -0.0014831250 0.0055303993 0.9999836074 0.0145406172
0.2899077786 0.9570399238 -0.0052975698 3.1107218186 -0.9570530112 0.2898928199 -0.0034185884 -3.3394607683 -0.0017359981 0.0060611305 0.9999801243 0.0165580354
0.2816914229 0.9594925647 -0.0048949573 3.1247551299 -0.9594998153 0.2816693678 -0.0047404345 -3.4111897380 -0.0031696522 0.0060320503 0.9999767836 0.0156863345
0.2741882743 0.9616643636 -0.0047373021 3.1479281201 -0.9616677223 0.2741621001 -0.0055077051 -3.4804906137 -0.0039977750 0.0060658587 0.9999736112 0.0041390721
0.2671456579 0.9636440755 -0.0048263085 3.1683706279 -0.9636500007 0.2671226909 -0.0049136799 -3.5454448890 -0.0034458220 0.0059635404 0.9999762810 0.0073352881
0.2600619215 0.9655799995 -0.0048022500 3.1831732637 -0.9655864605 0.2600404723 -0.0046626348 -3.6125490137 -0.0032533676 0.0058495613 0.9999775989 0.0123765526
0.2539746046 0.9671994782 -0.0046978184 3.2017411088 -0.9672037538 0.2539510817 -0.0050741170 -3.6851444846 -0.0037146673 0.0058324445 0.9999760916 0.0082418728
0.2473981034 0.9688981503 -0.0055274614 3.2250572985 -0.9689070202 0.2473707921 -0.0051843484 -3.7412129281 -0.0036557731 0.0066381942 0.9999712844 0.0025989226
0.2417304829 0.9703188653 -0.0069045788 3.2428616642 -0.9703363567 0.2416954305 -0.0055383891 -3.8156904634 -0.0037051983 0.0080385613 0.9999608258 0.0119770012
0.2367140989 0.9715549639 -0.0068838573 3.2546675674 -0.9715616188 0.2366610308 -0.0077186344 -3.8787471337 -0.0058699368 0.0085152011 0.9999465162 0.0182094858
0.2334086666 0.9723638895 -0.0053722302 3.2690244510 -0.9723667915 0.2333748615 -0.0062447442 -3.9531279949 -0.0048184203 0.0066813556 0.9999660706 0.0048119070
0.2311163439 0.9729188582 -0.0037591096 3.2863083632 -0.9729226013 0.2311033911 -0.0035825294 -4.0215720857 -0.0026167674 0.0044853038 0.9999865172 0.0089097668
0.2311020007 0.9729242277 -0.0032112945 3.2942693608 -0.9729261483 0.2310912403 -0.0033983179 -4.1020787968 -0.0025642038 0.0039097104 0.9999890695 0.0134382060
0.2402856839 0.9706947878 -0.0037972347 3.2782979389 -0.9707006380 0.2402764039 -0.0027424637 -4.1933421955 -0.0017497093 0.0043449529 0.9999890299 0.0075918054
0.2542953514 0.9671149113 -0.0047563248 3.3170826700 -0.9671264027 0.2542890244 -0.0019008850 -4.2440020451 -0.0006288930 0.0050833536 0.9999868819 0.0140518182
0.2724717309 0.9621461403 -0.0058275656 3.3362495728 -0.9621635412 0.2724710052 -0.0009334109 -4.3064908016 0.0006897649 0.0058613992 0.9999825840 0.0203029313
0.2909748211 0.9567160419 -0.0052979801 3.3705169880 -0.9567307053 0.2909697499 -0.0017211047 -4.3615782391 -0.0001050565 0.0055695384 0.9999844845 0.0266655853
0.3123124053 0.9499704644 -0.0041325769 3.3759445122 -0.9499791483 0.3123058648 -0.0021597633 -4.4572413160 -0.0007610833 0.0046003828 0.9999891286 0.0155491222
0.3352153373 0.9421371390 -0.0028790472 3.4113095882 -0.9421415342 0.3352134968 -0.0011140135 -4.5031533204 -0.0000844581 0.0030859043 0.9999952350 0.0119922525
0.3572949920 0.9339895307 -0.0019609167 3.4368499722 -0.9339909823 0.3572963658 0.0003898830 -4.5789160793 0.0010647751 0.0016921752 0.9999980014 0.0236929149
0.3803378044 0.9248470418 -0.0010506320 3.4682306771 -0.9248475158 0.3803380938 0.0000831244 -4.6462382245 0.0004764728 0.0009400590 0.9999994446 0.0183367587
0.4028728100 0.9152550126 -0.0013269748 3.4917383710 -0.9152556802 0.4028734198 0.0002178662 -4.7139839305 0.0007340060 0.0011267488 0.9999990958 0.0188861478
0.4257060118 0.9048614624 -0.0003540386 3.5234024884 -0.9048614544 0.4257061046 0.0002467378 -4.7857733777 0.0003739799 0.0002153181 0.9999999069 0.0285826021
0.4491386904 0.8934619382 0.0004491366 3.5527527368 -0.8934619088 0.4491382785 0.0007901082 -4.8610784972 0.0005042072 -0.0007561546 0.9999995870 0.0147248131
0.4728934702 0.8811195566 0.0003047440 3.6016039219 -0.8811139734 0.4728891802 0.0037402031 -4.9297858527 0.0031514560 -0.0020372318 0.9999929590 0.0138183913
0.4954577703 0.8686318216 0.0005970322 3.6349450977 -0.8686207525 0.4954477207 0.0054354683 -4.9947922092 0.0044256225 -0.0032116396 0.9999850495 0.0236617224
0.5185662847 0.8550373398 -0.0003949496 3.6692122763 -0.8550159852 0.5185564944 0.0068430356 -5.0720746940 0.0060558546 -0.0032108793 0.9999765082 0.0170349425
0.5407613525 0.8411760128 -0.0002739185 3.7177393987 -0.8411521848 0.5407484303 0.0073577912 -5.1288671926 0.0063373185 -0.0037484020 0.9999728936 0.0292703925
0.5617973075 0.8272747678 0.0004938215 3.7589690270 -0.8272546195 0.5617792435 0.0073400415 -5.2001956232 0.0057948125 -0.0045321316 0.9999729396 0.0246709014
0.5823460518 0.8129408978 0.0004153867 3.8046542737 -0.8129101885 0.5823194523 0.0090044940 -5.2681586366 0.0070782336 -0.0055814036 0.9999593724 0.0163068965
0.5987552288 0.8009312543 0.0011410218 3.8609787233 -0.8009021587 0.5987199512 0.0094948550 -5.3245793542 0.0069215736 -0.0065989409 0.9999542719 0.0332075323
0.6132785383 0.7898629527 0.0024393486 3.9100808258 -0.7898474535 0.6132390851 0.0088783220 -5.3846175183 0.0055167538 -0.0073715976 0.9999576116 0.0221977848
0.6256108238 0.7801343840 0.0011999885 3.9624409655 -0.7801095685 0.6255769487 0.0090852875 -5.4611540688 0.0063370600 -0.0066199767 0.9999580079 0.0188493856
0.6374961765 0.7704518375 0.0016096667 4.0073195450 -0.7704453162 0.6374783571 0.0059463461 -5.5218540206 0.0035552456 -0.0050309331 0.9999810248 0.0429379748
0.6488189538 0.7609414026 0.0014652794 4.0609983166 -0.7609403226 0.6488107002 0.0038079797 -5.5962031431 0.0019469604 -0.0035856796 0.9999916761 0.0192484179
0.6604971631 0.7508280642 0.0008458590 4.1156269887 -0.7508192974 0.6604830228 0.0057060777 -5.6572676845 0.0037256077 -0.0044039354 0.9999833625 0.0280435854
0.6706846609 0.7417392479 0.0022302047 4.1675492909 -0.7417367359 0.6706643698 0.0059931439 -5.7191785326 0.0029496312 -0.0056737345 0.9999795540 0.0332998166
0.6812758737 0.7320224138 0.0025238141 4.2283713798 -0.7320172647 0.6812454189 0.0074433500 -5.7774648946 0.0037293623 -0.0069184503 0.9999691130 0.0153728115
0.6912701876 0.7225942898 0.0017378572 4.2878103182 -0.7225786925 0.6912344410 0.0086591467 -5.8369089908 0.0050557832 -0.0072415486 0.9999609988 0.0299481783
0.7006563765 0.7134966968 0.0017622874 4.3362400222 -0.7134936191 0.7006396010 0.0055682113 -5.8983668329 0.0027381720 -0.0051587835 0.9999829445 0.0325229304
0.7105509667 0.7036448493 -0.0011179909 4.3997459882 -0.7036322126 0.7105462634 0.0050712007 -5.9691260374 0.0043627085 -0.0028166922 0.9999865164 0.0180814356
0.7196974002 0.6942750445 -0.0042207492 4.4618824017 -0.6942494871 0.7197082365 0.0061403585 -6.0222712607 0.0073008057 -0.0014889470 0.9999722403 0.0357884774
0.7285522383 0.6849860800 -0.0023887675 4.5224898664 -0.6849701346 0.7285531410 0.0051220469 -6.0845139025 0.0052488749 -0.0020954444 0.9999840291 0.0333075100
0.7374147596 0.6754371268 -0.0020396396 4.5831814807 -0.6754177040 0.7374114794 0.0059359189 -6.1373153914 0.0055133936 -0.0029996255 0.9999803022 0.0180701654
0.7459760445 0.6659703773 -0.0017881772 4.6364667894 -0.6659434350 0.7459656927 0.0073842263 -6.1833058393 0.0062515948 -0.0043176310 0.9999711374 0.0342867401
0.7549379555 0.6557933310 -0.0019468722 4.7080893417 -0.6557741789 0.7549335947 0.0059576794 -6.2444670112 0.0053767656 -0.0032209698 0.9999803577 0.0216168887
0.7631755120 0.6461783622 -0.0040819299 4.7723605964 -0.6461616469 0.7631857876 0.0047518140 -6.3037066720 0.0061857903 -0.0009888815 0.9999803789 0.0224351689
0.7710163444 0.6367839439 -0.0063249862 4.8380869675 -0.6367737814 0.7710414709 0.0037684885 -6.3525327743 0.0072765396 0.0011220192 0.9999728962 0.0356674812
0.7777259396 0.6285768746 -0.0057858111 4.8972703865 -0.6285710649 0.7777463687 0.0030003816 -6.4085329610 0.0063858640 0.0013033188 0.9999787608 0.0307969725
0.7835189360 0.6213392667 -0.0059659582 4.9712807665 -0.6213264745 0.7835414538 0.0040251968 -6.4624734340 0.0071755884 0.0005529899 0.9999741022 0.0299149601
0.7865697296 0.6174748547 -0.0057327422 5.0388678757 -0.6174605202 0.7865905879 0.0042134272 -6.5077723462 0.0071110064 0.0002255877 0.9999746910 0.0351657043
0.7886383612 0.6148299441 -0.0058030283 5.1155117843 -0.6148213648 0.7886591882 0.0033725567 -6.5714579552 0.0066501604 0.0009080982 0.9999774751 0.0237364493
0.7881140559 0.6154898992 -0.0069583713 5.1910338691 -0.6154901560 0.7881410450 0.0023581839 -6.6225850360 0.0069356164 0.0024242912 0.9999730097 0.0220167283
0.7865187083 0.6175245733 -0.0071918604 5.2693279635 -0.6175322467 0.7865443795 0.0013650708 -6.6721342736 0.0064996821 0.0033675520 0.9999732065 0.0302831840
0.7837542258 0.6210403165 -0.0061837544 5.3426647005 -0.6210455326 0.7837734575 0.0012703474 -6.7286948631 0.0056355995 0.0028447529 0.9999800735 0.0264810564
0.7803894206 0.6252743686 -0.0049311402 5.4174046168 -0.6252771190 0.7804019448 0.0011528159 -6.7797058332 0.0045690976 0.0021836837 0.9999871774 0.0253869726
0.7769184416 0.6295845407 -0.0045870684 5.4901388744 -0.6295921348 0.7769257788 -0.0002791873 -6.8439161330 0.0033880397 0.0031048879 0.9999894404 0.0205472256
0.7727862495 0.6346331872 -0.0064907777 5.5612270972 -0.6346571445 0.7727897602 -0.0025090726 -6.8975864333 0.0034236658 0.0060583952 0.9999757869 0.0226029915
0.7680577140 0.6403432868 -0.0069154165 5.6293999348 -0.6403720829 0.7680584662 -0.0031285712 -6.9561455084 0.0033080846 0.0068313629 0.9999711941 0.0339555002
0.7634030625 0.6458896473 -0.0065059734 5.7019960265 -0.6459166984 0.7633999533 -0.0034828222 -7.0097253543 0.0027171410 0.0068611140 0.9999727708 0.0276546267
0.7576872603 0.6525968534 -0.0052309162 5.7664636089 -0.6526143582 0.7576850022 -0.0028172584 -7.0620691928 0.0021248528 0.0055483718 0.9999823501 0.0291867542
0.7532727425 0.6576936659 -0.0043837430 5.8293465647 -0.6577070886 0.7532673126 -0.0031211227 -7.1188208148 0.0012493877 0.0052342754 0.9999855206 0.0258059458
0.7495452240 0.6619344400 -0.0049753815 5.8887886609 -0.6619520973 0.7495362023 -0.0038603611 -7.1688807846 0.0011739226 0.0061869795 0.9999801714 0.0177055509
0.7461427567 0.6657385312 -0.0079495108 5.9534615389 -0.6657798249 0.7461340477 -0.0046051779 -7.2263220912 0.0028655562 0.0087287441 0.9999577979 0.0284050570
0.7428051035 0.6694651749 -0.0075470387 6.0100440635 -0.6695069492 0.7427740910 -0.0068625586 -7.2804715501 0.0010115008 0.0101503384 0.9999479724 0.0421285399
0.7400258844 0.6725440903 -0.0067924328 6.0600892344 -0.6725780848 0.7399974282 -0.0065212007 -7.3281296733 0.0006405878 0.0093942988 0.9999556674 0.0237950535
0.7370564699 0.6757971337 -0.0067819068 6.1165028694 -0.6758298526 0.7370376870 -0.0054275486 -7.3698431931 0.0013305991 0.0085838249 0.9999622730 0.0228898624
0.7343778955 0.6787131545 -0.0061286634 6.1680282427 -0.6787406692 0.7343538943 -0.0059549906 -7.4189839597 0.0004588774 0.0085329866 0.9999634881 0.0326640374
0.7321573581 0.6811098754 -0.0059110631 6.2080890812 -0.6811351927 0.7321208622 -0.0073411480 -7.4617700730 -0.0006725158 0.0094011086 0.9999555825 0.0251959956
0.7298068209 0.6836138527 -0.0073555785 6.2575047667 -0.6836534238 0.7297643109 -0.0078769761 -7.4979851018 -0.0000169713 0.0107773373 0.9999419227 0.0214472031
0.7274104001 0.6861510294 -0.0084187084 6.3022286879 -0.6862019737 0.7273724398 -0.0074956752 -7.5429035252 0.0009803712 0.0112293664 0.9999364681 0.0303369151
0.7247651763 0.6889592331 -0.0071143725 6.3406391540 -0.6889959622 0.7247256878 -0.0075658084 -7.5851183310 -0.0000565651 0.0103852083 0.9999460707 0.0348400132
0.7234245521 0.6903712839 -0.0066639103 6.3898231485 -0.6904034450 0.7233911899 -0.0069476306 -7.6232512414 0.0000241694 0.0096268732 0.9999536603 0.0219042804
0.7206472079 0.6932598301 -0.0076426254 6.4283241551 -0.6933010203 0.7206205564 -0.0063015025 -7.6611757808 0.0011388545 0.0098398002 0.9999509395 0.0230623638
0.7182333752 0.6957589789 -0.0077628693 6.4758213549 -0.6958017260 0.7182022298 -0.0067464900 -7.6966667123 0.0008813791 0.0102469721 0.9999471100 0.0303833252
0.7163567563 0.6976984022 -0.0070666357 6.5099545514 -0.6977341666 0.7163225297 -0.0070047267 -7.7373227868 0.0001748037 0.0099485165 0.9999504970 0.0254362402
0.7141892991 0.6999138668 -0.0073636995 6.5575106218 -0.6999523520 0.7141584123 -0.0066683659 -7.7790240894 0.0005915662 0.0099167143 0.9999506532 0.0252249989
0.7122284841 0.7019032541 -0.0078998870 6.6000401256 -0.7019469431 0.7121992281 -0.0065382493 -7.8241067544 0.0010370749 0.0102020289 0.9999474202 0.0224511278
0.7098500861 0.7042924188 -0.0092219308 6.6453525850 -0.7043496738 0.7098250567 -0.0063186877 -7.8621986838 0.0020957537 0.0109807850 0.9999375131 0.0250680088
0.7078405518 0.7063219988 -0.0084253928 6.6920826786 -0.7063704917 0.7078150384 -0.0062128832 -7.9119441843 0.0015753237 0.0103491795 0.9999452049 0.0343468134
0.7056218294 0.7085446313 -0.0078955271 6.7356380542 -0.7085881659 0.7055902008 -0.0067290184 -7.9500712462 0.0008031967 0.0103428193 0.9999461890 0.0235073844
0.7033446986 0.7107977661 -0.0085305737 6.7858445917 -0.7108449905 0.7033302029 -0.0051014857 -8.0049027853 0.0023736855 0.0096520185 0.9999506009 0.0241316521
0.7003942952 0.7137114991 -0.0079829363 6.8430964234 -0.7137535010 0.7003783249 -0.0051129142 -8.0536658927 0.0019419299 0.0092789047 0.9999550644 0.0369919076
0.6982692046 0.7158094281 -0.0060811647 6.8938351256 -0.7158352548 0.6982430904 -0.0060394345 -8.1106473330 -0.0000769529 0.0085702632 0.9999632717 0.0337659895
0.6963616467 0.7176563812 -0.0070551795 6.9556142333 -0.7176908627 0.6963350899 -0.0061047643 -8.1711780307 0.0005316460 0.0093145616 0.9999564772 0.0193685074
0.6935013169 0.7204109985 -0.0079947909 7.0161246307 -0.7204542997 0.6934766220 -0.0059813759 -8.2251569722 0.0012351516 0.0099079736 0.9999501520 0.0340556756
0.6905139996 0.7232901292 -0.0064657127 7.0692108719 -0.7233188842 0.6904806353 -0.0068032390 -8.2886441935 -0.0004562662 0.0093745038 0.9999559543 0.0321664567
0.6880771392 0.7256133185 -0.0059298052 7.1448197637 -0.7256375455 0.6880535276 -0.0057005022 -8.3590576265 -0.0000563369 0.0082252746 0.9999661703 0.0289408312
0.6849747081 0.7285517461 -0.0046906826 7.2032128396 -0.7285657859 0.6849485317 -0.0061159212 -8.4128956642 -0.0012428889 0.0076067222 0.9999702961 0.0368518947
0.6826169963 0.7307672344 -0.0036449155 7.2732776487 -0.7307709305 0.6825843036 -0.0072467641 -8.4925556940 -0.0028077357 0.0076103626 0.9999670990 0.0198091020
0.6797703375 0.7333986601 -0.0062204113 7.3513751123 -0.7334246810 0.6797371733 -0.0067537023 -8.5630221500 -0.0007249115 0.0091531697 0.9999578461 0.0224114780
