1.0000000000 0.0000000000 0.0000000000 0.0000000000 0.0000000000 1.0000000000 0.0000000000 0.0000000000 0.0000000000 0.0000000000 1.0000000000 0.0000000000
0.9999040193 -0.0103988190 -0.0091551483 -0.1030641846 0.0103388225 0.9999249269 -0.0065764208 0.0032479183 0.0092228480 0.0064811362 0.9999364650 0.0713165202
0.9995097853 -0.0302380285 -0.0081148503 -0.1360734602 0.0300112504 0.9991916385 -0.0267468589 -0.1481087680 0.0089170628 0.0264902104 0.9996093010 0.1058591950
0.9996100732 -0.0278606097 -0.0018676316 -0.1212569964 0.0277708731 0.9989083553 -0.0375616323 -0.2842725208 0.0029120828 0.0374951203 0.9992925676 0.0500710698
0.9999102330 -0.0109502860 -0.0077212134 -0.2013593231 0.0105985740 0.9989661120 -0.0442083404 -0.3223508658 0.0081973245 0.0441225381 0.9989924952 0.0658999510
0.9999343279 0.0033198740 -0.0109689674 -0.2660578800 -0.0038628435 0.9987489448 -0.0498560303 -0.4721397231 0.0107897288 0.0498951275 0.9986961790 0.0357323220
0.9993279353 0.0365191059 0.0031674356 -0.2521713136 -0.0363554392 0.9984677249 -0.0417191132 -0.5789911655 -0.0046861269 0.0415759217 0.9991243581 -0.0157794661
0.9992020086 0.0386262027 0.0101667338 -0.3404107557 -0.0382610815 0.9986911042 -0.0339436017 -0.5624944450 -0.0114645390 0.0335275247 0.9993720375 0.0632203868
0.9984661242 0.0553032563 0.0026360140 -0.3151350498 -0.0552390844 0.9982692690 -0.0201769726 -0.7138690841 -0.0037473040 0.0200004127 0.9997929492 0.0822778764
0.9982782555 0.0584539711 -0.0048639317 -0.4091569670 -0.0585179413 0.9981845722 -0.0142551905 -0.7267268873 0.0040218291 0.0145152740 0.9998865594 0.0947050195
0.9993654687 0.0356123145 0.0006504311 -0.4215259274 -0.0355832530 0.9990263043 -0.0260820895 -0.8924082561 -0.0015786413 0.0260423952 0.9996595928 0.0967378627
0.9998036336 0.0181659699 0.0079178084 -0.4837980175 -0.0178955380 0.9992956938 -0.0329828160 -0.9839043588 -0.0085113967 0.0328346458 0.9994245555 0.0375137575
0.9997718982 0.0205259790 -0.0059021890 -0.4937194208 -0.0207111379 0.9992328205 -0.0332388202 -1.1133335412 0.0052154016 0.0333534794 0.9994300101 0.0503442786
0.9998234734 -0.0085825550 -0.0167141191 -0.6197643283 0.0080089373 0.9993867098 -0.0340890195 -1.1592440810 0.0169964394 0.0339491395 0.9992790286 0.0530942829
0.9997250941 -0.0175878166 -0.0155049946 -0.6055463492 0.0168942220 0.9988981949 -0.0437833460 -1.2935651599 0.0162579645 0.0435093649 0.9989207245 0.0782366424
0.9992620097 -0.0376315276 -0.0077009103 -0.6552217392 0.0371548243 0.9978083987 -0.0547532514 -1.4098641097 0.0097444814 0.0544267180 0.9984702186 0.0786987667
0.9995806825 -0.0281748285 -0.0066811865 -0.6702835591 0.0277511109 0.9980031965 -0.0567406000 -1.5164765122 0.0082665022 0.0565313973 0.9983665990 0.0501233751
0.9996771734 -0.0229546260 -0.0108919328 -0.7182280607 0.0223742385 0.9984627889 -0.0507094927 -1.5907674344 0.0120392071 0.0504494236 0.9986540508 0.0323735804
0.9998776637 0.0144201878 -0.0060593584 -0.7381996437 -0.0146533011 0.9990772779 -0.0403716915 -1.7179878918 0.0054715999 0.0404555422 0.9991663579 0.0381752359
0.9999542867 0.0095494350 0.0004824007 -0.8433133660 -0.0095300536 0.9994803478 -0.0307930583 -1.7425043825 -0.0007762063 0.0307870533 0.9995256649 0.0726267584
0.9988687527 0.0473309868 0.0045817740 -0.8280023876 -0.0472337349 0.9986952685 -0.0194096637 -1.8777655455 -0.0054944745 0.0191712922 0.9998011164 0.0670700241
0.9984391707 0.0556838713 0.0043045159 -0.9006516367 -0.0556014399 0.9983022966 -0.0173494821 -1.8760388176 -0.0052632944 0.0170830652 0.9998402205 0.1152665913
0.9991848139 0.0402125862 0.0035574685 -0.9532054565 -0.0401148729 0.9989010702 -0.0242373438 -2.0112505868 -0.0045282053 0.0240748785 0.9996999028 0.1154358401
0.9998012093 0.0199327470 0.0004770433 -0.9957901457 -0.0199178417 0.9995693351 -0.0215504978 -2.1363058488 -0.0009063984 0.0215367121 0.9997676472 0.0436190709
0.9998150189 0.0134486214 -0.0137500046 -1.0515761238 -0.0136039382 0.9998440005 -0.0112653269 -2.2170129257 0.0135963565 0.0114502972 0.9998420024 0.0649013629
0.9995957419 -0.0033303544 -0.0282358186 -1.1375645423 0.0030451406 0.9999439712 -0.0101381243 -2.3311586427 0.0282680001 0.0100480438 0.9995498772 0.0727340406
0.9997197567 -0.0075987288 -0.0224202440 -1.1709649179 0.0072033167 0.9998180179 -0.0176647483 -2.3964660665 0.0225503936 0.0174982977 0.9995925617 0.0699094939
0.9998861540 -0.0088718340 -0.0122053124 -1.2058030020 0.0085690342 0.9996596293 -0.0246413705 -2.5437485573 0.0124197722 0.0245339774 0.9996218451 0.0771061531
0.9999387336 -0.0002109125 -0.0110672743 -1.2383922631 -0.0000902789 0.9996298159 -0.0272070385 -2.6186201139 0.0110689156 0.0272063707 0.9995685532 0.0767277153
0.9993817771 0.0326211635 -0.0131119535 -1.2728067958 -0.0329451481 0.9991368079 -0.0253032852 -2.7311674754 0.0122752128 0.0257196174 0.9995938277 0.0362213331
0.9977571104 0.0669381843 0.0001676474 -1.3217336139 -0.0669274032 0.9976355367 -0.0156223749 -2.7949849385 -0.0012129844 0.0155761154 0.9998779492 0.0246471987
0.9982884611 0.0564909758 0.0151300362 -1.3887814865 -0.0563752173 0.9983778294 -0.0079714874 -2.8118436257 -0.0155558098 0.0071048848 0.9998537580 0.0806170441
0.9968800985 0.0779451231 0.0124349084 -1.3896594494 -0.0779752845 0.9969533683 0.0019587052 -2.9878615103 -0.0122443523 -0.0029222097 0.9999207651 0.0855518183
0.9965631153 0.0828360837 -0.0003748437 -1.4561996646 -0.0828361060 0.9965631829 -0.0000442539 -3.0292100602 0.0003698896 0.0000751524 0.9999999288 0.1248515867
0.9975210672 0.0702981447 -0.0031450585 -1.5166646787 -0.0703420494 0.9973746767 -0.0171973970 -3.1676322153 0.0019278566 0.0173759956 0.9998471674 0.0934432152
0.9985902538 0.0529670044 -0.0034643152 -1.5887017709 -0.0530382313 0.9982678566 -0.0254604090 -3.2397147601 0.0021097529 0.0256082574 0.9996698285 0.0362458726
0.9980996328 0.0604064974 -0.0121728449 -1.6159196868 -0.0606431169 0.9979569219 -0.0201095584 -3.3806812784 0.0109332268 0.0208095422 0.9997236756 0.0219885386
0.9988138150 0.0402395323 -0.0274179335 -1.7064399213 -0.0407660247 0.9989895377 -0.0189218077 -3.4168056486 0.0266288240 0.0200170831 0.9994449570 0.0594238982
0.9988461808 0.0423669425 -0.0226130342 -1.7353485931 -0.0428915247 0.9988093921 -0.0232403812 -3.5153963873 0.0216014871 0.0241834735 0.9994741294 0.0636473171
0.9986973613 0.0486850007 -0.0152758366 -1.7716980844 -0.0491370998 0.9983180874 -0.0307659200 -3.6214669728 0.0137523051 0.0314764535 0.9994098794 0.0893791358
0.9984378418 0.0540144575 -0.0142938614 -1.8106727007 -0.0544814826 0.9979152369 -0.0345969364 -3.7103039601 0.0123953273 0.0353216413 0.9992991231 0.0719075990
0.9966920365 0.0790201637 -0.0189946871 -1.8546370869 -0.0795752484 0.9963621878 -0.0304986978 -3.8290477527 0.0165155759 0.0319093162 0.9993543072 0.0261978138
0.9936227691 0.1121979231 -0.0111990564 -1.9066209264 -0.1124351634 0.9933820773 -0.0234602326 -3.9043784329 0.0084927525 0.0245697890 0.9996620422 0.0307873347
0.9946188582 0.1035881695 0.0016786959 -1.9840871568 -0.1035339790 0.9944236153 -0.0200596230 -3.9092166155 -0.0037472745 0.0197778772 0.9997973762 0.0608925041
0.9924454810 0.1226602098 0.0025377316 -1.9778164598 -0.1226154743 0.9923625889 -0.0134884241 -4.0776613798 -0.0041728428 0.0130753604 0.9999058067 0.0884418859
0.9909247922 0.1344086077 -0.0015434714 -2.0618705152 -0.1344164966 0.9908085985 -0.0151831025 -4.1164065066 -0.0005114549 0.0152527807 0.9998835388 0.0977677400
0.9926902739 0.1206782370 -0.0016682720 -2.1241335023 -0.1206820411 0.9923754781 -0.0250350833 -4.2144572947 -0.0013656375 0.0250534141 0.9996851812 0.0809534726
0.9936055684 0.1128225534 -0.0043641715 -2.1809753355 -0.1129004042 0.9932212040 -0.0276611409 -4.3172972018 0.0012137871 0.0279769804 0.9996078307 0.0403250480
0.9933492062 0.1148050743 -0.0087834762 -2.2513705226 -0.1149203051 0.9932762650 -0.0139851690 -4.4398210001 0.0071188501 0.0149015563 0.9998636235 0.0081018730
0.9938966112 0.1079757878 -0.0225998981 -2.3441563455 -0.1081515554 0.9941118292 -0.0067016443 -4.4488951298 0.0217432107 0.0091049557 0.9997221277 0.0638252874
0.9933214551 0.1133968967 -0.0212986048 -2.3938546037 -0.1136547985 0.9934558979 -0.0113121966 -4.5635057010 0.0198764566 0.0136573362 0.9997091595 0.0747882220
0.9937054773 0.1106083324 -0.0177544688 -2.4422950447 -0.1110325223 0.9935020548 -0.0250089200 -4.6499443019 0.0148729063 0.0268228242 0.9995295557 0.0832123202
0.9932853667 0.1147131713 -0.0150022856 -2.4913285134 -0.1151888082 0.9926892651 -0.0360494292 -4.7356247426 0.0107572635 0.0375354659 0.9992373943 0.0634367218
0.9905103590 0.1360559799 -0.0194421952 -2.5345108327 -0.1367308867 0.9898362059 -0.0391017930 -4.8352269024 0.0139245559 0.0413890796 0.9990460704 0.0322649458
0.9848010920 0.1732115442 -0.0128284859 -2.5967836678 -0.1735071788 0.9844506157 -0.0274270683 -4.9465064309 0.0078783260 0.0292360412 0.9995414878 -0.0032850445
0.9817426997 0.1901441061 -0.0051468872 -2.6724170875 -0.1902043605 0.9816036656 -0.0166296411 -4.9009929043 0.0018901751 0.0173049891 0.9998484708 0.0468151602
0.9793682655 0.2020811895 0.0009966744 -2.6983493381 -0.2020665977 0.9793377914 -0.0081596802 -5.0763844227 -0.0026249987 0.0077899372 0.9999662126 0.0781854590
0.9773028695 0.2118319860 -0.0025121651 -2.7625647525 -0.2118432891 0.9772866403 -0.0057657243 -5.1418490282 0.0012337406 0.0061670443 0.9999802225 0.0935626621
0.9766096295 0.2149228539 -0.0064651635 -2.8489419286 -0.2150015021 0.9764789238 -0.0162254553 -5.1715239525 0.0028258747 0.0172359558 0.9998474565 0.0882036989
0.9775024776 0.2105459180 -0.0126223124 -2.9168739059 -0.2108262754 0.9771196632 -0.0280970702 -5.2752905529 0.0064177862 0.0301260708 0.9995255034 0.0516706181
0.9805043172 0.1955009448 -0.0197652338 -2.9798139346 -0.1959452452 0.9803258287 -0.0238061017 -5.4034218060 0.0147222538 0.0272148891 0.9995211879 -0.0028635006
0.9791597380 0.2002373973 -0.0339292235 -3.0628229649 -0.2008843254 0.9794702665 -0.0168370068 -5.4270442358 0.0298612671 0.0233019683 0.9992824040 0.0422966861
0.9806701400 0.1908806563 -0.0430192003 -3.1419505615 -0.1918599903 0.9812209149 -0.0198811525 -5.5419540151 0.0384164117 0.0277505159 0.9988764129 0.0525074371
0.9805721731 0.1911757117 -0.0439324545 -3.1934274581 -0.1926804579 0.9807064463 -0.0330016270 -5.6059636932 0.0367757318 0.0408254025 0.9984892749 0.0612239219
0.9758819454 0.2144801212 -0.0406534898 -3.2432153258 -0.2161922483 0.9753671828 -0.0438151856 -5.6878275510 0.0302545935 0.0515474179 0.9982121635 0.0504021923
0.9723839151 0.2295814805 -0.0419745813 -3.3249195113 -0.2315439469 0.9715325359 -0.0501191807 -5.7376940630 0.0292732357 0.0584540454 0.9978608131 0.0285128250
0.9661948901 0.2552075695 -0.0365585940 -3.3704657192 -0.2567626692 0.9653213868 -0.0471969476 -5.8505503719 0.0232457744 0.0549883318 0.9982163680 -0.0005435605
0.9585178082 0.2843365847 -0.0199077367 -3.4349422131 -0.2849344538 0.9576808228 -0.0407406268 -5.9116701994 0.0074812070 0.0447230164 0.9989714127 0.0129619633
0.9543882364 0.2985679320 0.0005330260 -3.4936411062 -0.2983721866 0.9538242002 -0.0345461035 -5.9899742035 -0.0108227718 0.0328113547 0.9994029631 0.0425649870
0.9487761323 0.3159473381 -0.0010631541 -3.5538754933 -0.3158122822 0.9482608000 -0.0326198948 -6.0205026801 -0.0092980216 0.0312847347 0.9994672642 0.0826131969
0.9443317084 0.3288208499 -0.0106992165 -3.6142393604 -0.3289948213 0.9438143550 -0.0312549331 -6.1090843515 -0.0001791995 0.0330350112 0.9994541790 0.0596302731
0.9495708200 0.3129616890 -0.0192415939 -3.7099764205 -0.3135224286 0.9485416984 -0.0444109575 -6.1747437854 0.0043525259 0.0482040205 0.9988280272 0.0525586431
0.9552758983 0.2945030351 -0.0267566901 -3.7794891252 -0.2954362904 0.9543921689 -0.0430463277 -6.2716163315 0.0128591014 0.0490260166 0.9987147206 -0.0164163743
0.9535189684 0.2988394681 -0.0386852579 -3.8493562889 -0.3000087732 0.9534954482 -0.0290028662 -6.3810535332 0.0282190162 0.0392606999 0.9988304584 -0.0114754440
0.9586051321 0.2807090792 -0.0477348259 -3.9618061254 -0.2821975977 0.9589518854 -0.0278531376 -6.3929832633 0.0379567727 0.0401708138 0.9984716266 0.0139233571
0.9569839132 0.2867557182 -0.0441921712 -4.0004043463 -0.2884038050 0.9567976756 -0.0368978752 -6.5266325106 0.0317022900 0.0480558633 0.9983414240 0.0381695314
0.9558503570 0.2907923020 -0.0423075891 -4.0681148986 -0.2927864400 0.9547162774 -0.0528481813 -6.5844605280 0.0250238997 0.0629020413 0.9977059375 0.0337958782
0.9503941479 0.3082964310 -0.0412828564 -4.1303698601 -0.3104581423 0.9483704394 -0.0648787450 -6.6634222292 0.0191495552 0.0744769785 0.9970388529 0.0115380002
0.9395511295 0.3403603299 -0.0373968039 -4.1682080274 -0.3421341525 0.9375542629 -0.0627393490 -6.7581838701 0.0137075474 0.0717415500 0.9973290596 -0.0345479910
0.9223396308 0.3856608242 -0.0235655284 -4.2385945768 -0.3863704538 0.9210311516 -0.0491883140 -6.8332994127 0.0027345800 0.0544733553 0.9985114800 -0.0262228767
0.9212785724 0.3883627275 -0.0204983899 -4.3073429451 -0.3888862672 0.9204512011 -0.0392053247 -6.8316052534 0.0036418808 0.0440905679 0.9990208999 0.0285121931
0.9147104778 0.4031691768 -0.0275564275 -4.3538810722 -0.4039406540 0.9141721628 -0.0334843973 -6.9648728935 0.0116914420 0.0417596904 0.9990592767 0.0312361042
0.9078752525 0.4178377100 -0.0342662218 -4.4163764239 -0.4189342497 0.9072999661 -0.0360675199 -6.9953227223 0.0160193719 0.0471001027 0.9987617133 0.0296571293
0.9080135287 0.4171339808 -0.0388673884 -4.4971417838 -0.4186310535 0.9069959652 -0.0458950987 -7.0713200022 0.0161081592 0.0579444663 0.9981898447 0.0155077960
0.9098564120 0.4127116843 -0.0427828851 -4.5742409426 -0.4144640195 0.9088550353 -0.0469265532 -7.1404076682 0.0195163038 0.0604283919 0.9979817250 -0.0286223100
0.9028018770 0.4279194934 -0.0428214665 -4.6457492660 -0.4294249097 0.9023909084 -0.0358454366 -7.2122967754 0.0233027410 0.0507499319 0.9984394958 -0.0512306341
0.9049806591 0.4224879178 -0.0501394658 -4.7442709832 -0.4240182421 0.9053135947 -0.0248158346 -7.2208451332 0.0349075497 0.0437178984 0.9984338778 -0.0192853745
0.9095111163 0.4118988726 -0.0559361068 -4.8337907296 -0.4137128450 0.9100493550 -0.0255314178 -7.2864009501 0.0403882557 0.0463625942 0.9981078592 -0.0040283185
0.9137428385 0.4028025194 -0.0531427840 -4.8906357554 -0.4047144730 0.9138919569 -0.0317440770 -7.3730229592 0.0357801687 0.0505135768 0.9980822401 -0.0162333672
0.9033953840 0.4257926908 -0.0507677527 -4.9528633198 -0.4277886619 0.9030688223 -0.0382565412 -7.4489664413 0.0295574190 0.0562786517 0.9979774909 -0.0121066645
0.9026806143 0.4261514259 -0.0596881120 -5.0533095168 -0.4289556025 0.9021397976 -0.0462696092 -7.4594014412 0.0341291613 0.0673702293 0.9971441483 -0.0211104221
0.8928830505 0.4454680529 -0.0657120376 -5.1209917638 -0.4488142763 0.8922316839 -0.0498835407 -7.5735592973 0.0364088382 0.0740326686 0.9965909695 -0.0610093485
0.8756197268 0.4792974885 -0.0596993427 -5.2049359934 -0.4822240357 0.8745160161 -0.0517852976 -7.5940905546 0.0273874682 0.0741326861 0.9968722443 -0.0617366639
0.8762881449 0.4787464063 -0.0540459587 -5.2855060875 -0.4811244461 0.8754417477 -0.0460544649 -7.6869844290 0.0252656790 0.0663598136 0.9974758246 -0.0401832961
0.8594493137 0.5086887233 -0.0508198780 -5.3575608072 -0.5106502343 0.8589334649 -0.0383358991 -7.7349359184 0.0241498544 0.0588989448 0.9979717926 -0.0354463902
0.8513056523 0.5229673702 -0.0422352469 -5.4363791183 -0.5244903957 0.8503588781 -0.0424217302 -7.7369452161 0.0137299365 0.0582658400 0.9982066824 -0.0193010628
0.8500181056 0.5250281070 -0.0425993773 -5.5260779428 -0.5266751545 0.8485024362 -0.0515451007 -7.8144774887 0.0090830488 0.0662503025 0.9977616928 -0.0241407252
0.8532484913 0.5194200968 -0.0465808449 -5.6206738906 -0.5212241595 0.8523097568 -0.0435138375 -7.8875625061 0.0170993469 0.0614071779 0.9979663175 -0.0948721906
0.8462694922 0.5310333945 -0.0427957997 -5.7182892609 -0.5323727678 0.8459719573 -0.0301775357 -7.9287728189 0.0201787672 0.0483216462 0.9986279767 -0.0803589942
0.8561738768 0.5139557509 -0.0530639132 -5.8240951658 -0.5156751547 0.8564043243 -0.0255101583 -7.9484385717 0.0323330722 0.0492048728 0.9982652217 -0.0502151177
0.8538346027 0.5178646760 -0.0527508156 -5.8922490243 -0.5198243239 0.8535924799 -0.0340961942 -8.0249453143 0.0273704849 0.0565336675 0.9980254511 -0.0480254939
0.8475904580 0.5283494110 -0.0493691737 -5.9654663939 -0.5303408290 0.8466013017 -0.0447754519 -8.0872908613 0.0181389231 0.0641337343 0.9977764497 -0.0592542202
0.8390683081 0.5414526303 -0.0528528473 -6.0563261369 -0.5437733931 0.8376720119 -0.0511477992 -8.1311861570 0.0165792405 0.0716564694 0.9972915718 -0.0675956378
0.8254311435 0.5617505887 -0.0556749795 -6.1343629250 -0.5642483705 0.8239974190 -0.0514978635 -8.2069902725 0.0169470843 0.0739224568 0.9971199861 -0.1008915154
0.8013266930 0.5964725621 -0.0457822434 -6.2113874046 -0.5981971534 0.7997011116 -0.0513643635 -8.2653723704 0.0059746774 0.0685464432 0.9976300358 -0.1111009394
0.7912706342 0.6104186480 -0.0357750980 -6.3239835943 -0.6114546398 0.7895422832 -0.0524042602 -8.2584368460 -0.0037425851 0.0633408019 0.9979849377 -0.0974977738
0.7730994352 0.6332119833 -0.0368761091 -6.3814707188 -0.6342788417 0.7715315490 -0.0492891455 -8.3286185360 -0.0027593960 0.0614951463 0.9981035681 -0.0785546086
0.7579144104 0.6511627384 -0.0394060232 -6.4747989157 -0.6523539670 0.7565100071 -0.0461184438 -8.3614238126 -0.0002195613 0.0606605088 0.9981584315 -0.0897166306
0.7604912674 0.6475536383 -0.0482422821 -6.5806558819 -0.6493342109 0.7588602593 -0.0499618808 -8.3933174648 0.0042561530 0.0693209382 0.9975853310 -0.0907469529
0.7631569351 0.6438228168 -0.0555308293 -6.6763786081 -0.6460540130 0.7620539209 -0.0434515129 -8.4416456345 0.0143424107 0.0690362385 0.9975110491 -0.1505079775
0.7619967368 0.6453038484 -0.0542578682 -6.7664335773 -0.6471313572 0.7619116013 -0.0266780489 -8.4806369135 0.0241242516 0.0554405541 0.9981705092 -0.1628939709
0.7603574957 0.6469981941 -0.0570071537 -6.8826850017 -0.6485536838 0.7610621263 -0.0127498660 -8.4831864850 0.0351368453 0.0466666557 0.9982923546 -0.1303554594
0.7510571860 0.6577540131 -0.0572080554 -6.9596989765 -0.6595198824 0.7514574176 -0.0185815595 -8.5275808286 0.0307673222 0.0516856637 0.9981893428 -0.1115378061
0.7495401421 0.6590778619 -0.0616923607 -7.0535640511 -0.6614302872 0.7494057315 -0.0300170747 -8.5728775846 0.0264490194 0.0633041983 0.9976437379 -0.1193206784
0.7346520997 0.6746093455 -0.0720314055 -7.1468715505 -0.6778346054 0.7343426496 -0.0357927466 -8.6072831953 0.0287496118 0.0751205957 0.9967599289 -0.1365111490
0.7129731712 0.6964759686 -0.0811817851 -7.2494561129 -0.7004721826 0.7126944718 -0.0374874830 -8.6443660449 0.0317486784 0.0835931518 0.9959940795 -0.1812410276
0.6799644718 0.7303226921 -0.0653994082 -7.3356014523 -0.7330639834 0.6790692753 -0.0384982538 -8.6866651885 0.0162945804 0.0741193955 0.9971162429 -0.2141022966
0.6587447291 0.7509824406 -0.0456153022 -7.4234354481 -0.7523662796 0.6575812388 -0.0391394395 -8.6614161488 0.0006027352 0.0601023147 0.9981920399 -0.1758703947
0.6419004718 0.7657329888 -0.0402091303 -7.5049249635 -0.7667725943 0.6406724367 -0.0399827145 -8.7317561390 -0.0048552020 0.0564961825 0.9983910098 -0.1391430670
0.6328973106 0.7729468794 -0.0446555243 -7.6053818637 -0.7742218535 0.6314868407 -0.0424840160 -8.7705792987 -0.0046385116 0.0614613023 0.9980986888 -0.1615982580
0.6237741119 0.7796740933 -0.0549014158 -7.7031503463 -0.7815976324 0.6219297416 -0.0480472426 -8.7576649715 -0.0033163669 0.0728814427 0.9973350977 -0.1748010729
0.6254312174 0.7776829191 -0.0636008628 -7.8214797206 -0.7802687856 0.6237649184 -0.0458033709 -8.7636487361 0.0040514878 0.0782726260 0.9969237591 -0.2218695738
0.6278709429 0.7760159524 -0.0598107071 -7.9278824584 -0.7782211141 0.6271459482 -0.0325554483 -8.8142198637 0.0122464954 0.0669865752 0.9976787169 -0.2572401474
0.6169549672 0.7850564326 -0.0552536519 -8.0343708870 -0.7867704551 0.6169441153 -0.0192927346 -8.7904625728 0.0189425300 0.0553746892 0.9982859432 -0.2230655918
0.6213225896 0.7808421783 -0.0651439352 -8.1314684006 -0.7831037133 0.6216359380 -0.0178138945 -8.7969813693 0.0265859711 0.0620826326 0.9977168601 -0.1944199403
0.6210885173 0.7800355947 -0.0761152072 -8.2308325516 -0.7833214459 0.6209972674 -0.0277471843 -8.8407001798 0.0256235443 0.0768561317 0.9967128819 -0.2242572839
0.5988643148 0.7967683461 -0.0807572608 -8.3121487412 -0.8006550128 0.5978942591 -0.0383927784 -8.8551316525 0.0176941521 0.0876507706 0.9959941061 -0.2338411158
0.5704162068 0.8162017124 -0.0918701021 -8.4293230273 -0.8211757149 0.5690546209 -0.0429800374 -8.8722519295 0.0171987260 0.0999580067 0.9948430030 -0.2509380907
0.5368940245 0.8382213942 -0.0955494675 -8.5239503042 -0.8436103955 0.5345077967 -0.0512144115 -8.8729514414 0.0081429199 0.1081032356 0.9941063239 -0.3042795633
0.4944796698 0.8654037186 -0.0810324625 -8.6078233913 -0.8690706346 0.4907191929 -0.0625372350 -8.8903004489 -0.0143557711 0.1013463250 0.9947476234 -0.2930030020
0.4708150838 0.8798688153 -0.0645292550 -8.7022811130 -0.8817915825 0.4670089655 -0.0659259521 -8.9217988444 -0.0278704488 0.0879402866 0.9957357803 -0.2584807616
0.4519999119 0.8900762088 -0.0588253540 -8.8026837590 -0.8915374119 0.4486085951 -0.0625409593 -8.9250429906 -0.0292766605 0.0807135119 0.9963072850 -0.2499065985
0.4508425945 0.8906079950 -0.0596519425 -8.8793579369 -0.8920824745 0.4472891480 -0.0641971714 -8.8766329639 -0.0304928476 0.0821572718 0.9961527839 -0.2527305109
0.4611586020 0.8846045216 -0.0693367453 -8.9960687310 -0.8870045013 0.4575100998 -0.0625101857 -8.8949227878 -0.0235745317 0.0903291150 0.9956329105 -0.2820663350
0.4784727367 0.8749112101 -0.0747944826 -9.1174716355 -0.8780663172 0.4759420143 -0.0497869622 -8.9062133839 -0.0079613347 0.0894962199 0.9959553423 -0.3385655722
0.4926825640 0.8669482732 -0.0752634228 -9.2325153272 -0.8701935898 0.4913441475 -0.0366612190 -8.9024058538 0.0051968618 0.0835560914 0.9964895244 -0.3303827116
0.4973576575 0.8636564455 -0.0820542788 -9.3432066443 -0.8674842201 0.4962180469 -0.0351962761 -8.9110938255 0.0103193233 0.0886859295 0.9960061835 -0.2985304741
0.5008507436 0.8603234861 -0.0948263251 -9.4361487567 -0.8654825176 0.4989974726 -0.0440628421 -8.8935340455 0.0094097986 0.1041394338 0.9945181919 -0.2981115383
0.5003616104 0.8602918208 -0.0976536840 -9.5481837116 -0.8658072845 0.4976846881 -0.0518430070 -8.9078729788 0.0040006284 0.1104895214 0.9938692372 -0.3432052072
0.4861708480 0.8685456677 -0.0962617766 -9.6411898093 -0.8738402260 0.4840079015 -0.0462559268 -8.9345041625 0.0064160757 0.1066056958 0.9942806745 -0.3516244873
0.4649575784 0.8807902766 -0.0895708597 -9.7309070142 -0.8853269749 0.4621967173 -0.0506985410 -8.9242324236 -0.0032554247 0.1028721691 0.9946892575 -0.3863075434
0.4368425254 0.8967735930 -0.0704679425 -9.8328426265 -0.8992256103 0.4332844479 -0.0604804848 -8.9081881230 -0.0237046381 0.0897870263 0.9956788539 -0.3734226465
0.4269027132 0.9025996211 -0.0553895067 -9.9199931965 -0.9037956602 0.4238242202 -0.0593837933 -8.9534979613 -0.0301243748 0.0754118983 0.9966973300 -0.3401634437
0.4022616907 0.9138965570 -0.0545766926 -10.0177686135 -0.9151740899 0.3997428105 -0.0515952582 -8.9290348015 -0.0253360883 0.0707019708 0.9971756686 -0.3381939567
0.3957842070 0.9162821647 -0.0614967984 -10.1096186733 -0.9180051325 0.3929325039 -0.0535782055 -8.8782572973 -0.0249286631 0.0776597841 0.9966682094 -0.3504628413
0.3989532940 0.9140802244 -0.0727572164 -10.2267961274 -0.9166697261 0.3955300948 -0.0572062701 -8.8607087068 -0.0235134515 0.0895169676 0.9957077032 -0.3757237066
0.4231653661 0.9030458441 -0.0737514504 -10.3461625334 -0.9059662287 0.4205979606 -0.0481928215 -8.8868580085 -0.0125006175 0.0872098563 0.9961115277 -0.4362446369
0.4156332983 0.9067123101 -0.0715663891 -10.4581621289 -0.9095315525 0.4142450566 -0.0339615684 -8.8641953674 -0.0011473492 0.0792074477 0.9968574942 -0.4070582221
0.4341807771 0.8973861449 -0.0786457866 -10.5611154561 -0.9007967308 0.4332099071 -0.0299069577 -8.8280464816 0.0072320444 0.0838288936 0.9964539197 -0.4046505394
0.4424896018 0.8926655557 -0.0857388946 -10.6677952166 -0.8967722613 0.4406292440 -0.0405632923 -8.8357249041 0.0015696104 0.0948370974 0.9954915677 -0.4083706816
0.4353803346 0.8959886699 -0.0874543748 -10.7677516882 -0.9002122728 0.4324560650 -0.0509864265 -8.8384428372 -0.0078630856 0.1009259890 0.9948628632 -0.4115765039
0.4230980703 0.9011477987 -0.0944492870 -10.8657985771 -0.9060683532 0.4201754178 -0.0499275228 -8.8295928151 -0.0053068086 0.1067017485 0.9942769104 -0.4213056993
0.3945694549 0.9135794841 -0.0984249534 -10.9749075809 -0.9188432304 0.3915335022 -0.0492811783 -8.8278318928 -0.0064856068 0.1098819498 0.9939234850 -0.4881356274
0.3719693148 0.9237005957 -0.0917389686 -11.0781611274 -0.9281097674 0.3684072154 -0.0537436812 -8.7816943954 -0.0158457723 0.1051348331 0.9943317245 -0.4628522300
0.3795522136 0.9213688447 -0.0837828695 -11.1990576139 -0.9250389798 0.3764131240 -0.0511472956 -8.8171683115 -0.0155885530 0.0969154894 0.9951705306 -0.4579394208
0.3506202506 0.9330610688 -0.0803895623 -11.2805433211 -0.9364219835 0.3480630648 -0.0443392801 -8.7941115967 -0.0133906186 0.0908248029 0.9957768558 -0.4536549079
0.3510507518 0.9331368587 -0.0775820375 -11.3622206585 -0.9362548937 0.3485855910 -0.0437591097 -8.7036417943 -0.0137892578 0.0879982306 0.9960251843 -0.4500965603
0.3608916766 0.9292719629 -0.0788087350 -11.4717169561 -0.9325152476 0.3583750623 -0.0445267085 -8.7261697426 -0.0131343365 0.0895596655 0.9958948516 -0.4711657628
0.3846625370 0.9204280885 -0.0696194413 -11.5881225039 -0.9229941586 0.3826586633 -0.0406710055 -8.7174607096 -0.0107942535 0.0799029498 0.9967442012 -0.5390585756
0.3793261081 0.9238762940 -0.0506388887 -11.6891466841 -0.9251553398 0.3778784558 -0.0359926364 -8.7221566297 -0.0141173984 0.0605017850 0.9980682507 -0.5215127491
0.3928129271 0.9183969949 -0.0473810523 -11.7783560398 -0.9194698948 0.3913019572 -0.0381823363 -8.6580306298 -0.0165262444 0.0585639664 0.9981468555 -0.4758991208
0.4056157775 0.9123725424 -0.0552465820 -11.8858876240 -0.9138341561 0.4034873208 -0.0458815548 -8.6346482249 -0.0195697754 0.0690964962 0.9974180157 -0.4823411300
0.3990408916 0.9145837835 -0.0655962632 -11.9816642031 -0.9166623895 0.3961626218 -0.0527753795 -8.6649581726 -0.0222807187 0.0811891619 0.9964496423 -0.5012855562
0.3824141769 0.9205580467 -0.0795756237 -12.0825865496 -0.9238292609 0.3793152702 -0.0515695887 -8.6509857523 -0.0172885506 0.0932352314 0.9954939968 -0.5365186624
0.3399997318 0.9368800702 -0.0815837998 -12.2008176347 -0.9401808146 0.3366508103 -0.0522136750 -8.6412212213 -0.0214526992 0.0944561588 0.9952978528 -0.6046632296
0.3014586842 0.9509228387 -0.0697740393 -12.2780059033 -0.9527342168 0.2975232220 -0.0614609194 -8.5742102309 -0.0376851950 0.0850040426 0.9956676849 -0.5725393079
0.3185481856 0.9460077954 -0.0599691960 -12.3880992983 -0.9468634752 0.3145929178 -0.0669391912 -8.6077665339 -0.0444591124 0.0781059992 0.9959532319 -0.5395410405
0.2872312361 0.9558260045 -0.0624088620 -12.4823194925 -0.9568200433 0.2832722356 -0.0652092429 -8.6088733899 -0.0446499923 0.0784441815 0.9959181134 -0.5316585651
0.2770306915 0.9580724919 -0.0731511874 -12.5672820454 -0.9599419088 0.2726332822 -0.0646732181 -8.5186691571 -0.0420181829 0.0881373568 0.9952217234 -0.5247426767
0.2943635756 0.9513753832 -0.0907467109 -12.6671181888 -0.9548453582 0.2887739635 -0.0698565663 -8.5151988389 -0.0402545302 0.1072123043 0.9934209051 -0.5659862624
0.3081430190 0.9467675920 -0.0931611859 -12.7854875938 -0.9507136331 0.3029069837 -0.0662642222 -8.5162415272 -0.0345176443 0.1089884670 0.9934435295 -0.6430066470
0.2950333405 0.9518153627 -0.0836829930 -12.8854178251 -0.9551631295 0.2915200186 -0.0517636436 -8.4706293677 -0.0248741635 0.0952029102 0.9951470655 -0.6171052399
0.2998052469 0.9498981360 -0.0883761571 -12.9802769391 -0.9539923325 0.2981319218 -0.0318745469 -8.3981908613 -0.0039298191 0.0938663327 0.9955770528 -0.5798317755
0.3022683447 0.9473924990 -0.1052677566 -13.0732555899 -0.9532227334 0.3003594748 -0.0339205893 -8.3898646476 -0.0005179438 0.1105967391 0.9938652288 -0.5844860199
0.3119492263 0.9430582672 -0.1154503563 -13.1860699978 -0.9500790536 0.3088482562 -0.0443006375 -8.3815006282 -0.0061214413 0.1235065149 0.9923248806 -0.6148620751
0.3004506499 0.9460754734 -0.1211222757 -13.2959663323 -0.9537727472 0.2970982094 -0.0452791412 -8.3873474213 -0.0068522738 0.1291272731 0.9916043534 -0.6228638986
0.2753895789 0.9534146880 -0.1231300637 -13.3822113027 -0.9613009703 0.2720715107 -0.0433305626 -8.3473941465 -0.0078118124 0.1302978351 0.9914441234 -0.6664018213
0.2297157988 0.9672207575 -0.1082342743 -13.4695197643 -0.9729007149 0.2251951539 -0.0524532322 -8.3518916218 -0.0263600209 0.1173505390 0.9927406511 -0.6850051497
0.2234634677 0.9697107921 -0.0986157106 -13.5310762527 -0.9738923301 0.2179806771 -0.0633889086 -8.2412915518 -0.0399725894 0.1102061895 0.9931046208 -0.6124092073
0.2252231763 0.9691338306 -0.1002703313 -13.6641363533 -0.9733579900 0.2192673250 -0.0670526916 -8.2999176020 -0.0429970246 0.1127007483 0.9926982408 -0.6171122297
0.2156614277 0.9710865109 -0.1023774243 -13.7490598023 -0.9755386152 0.2096948978 -0.0659731773 -8.2872337316 -0.0425976390 0.1141010003 0.9925554911 -0.6434672106
0.2109843054 0.9715995210 -0.1071447324 -13.8365215909 -0.9763111140 0.2040797207 -0.0718893330 -8.2436317263 -0.0479815744 0.1197741140 0.9916410289 -0.6414215484
0.2264236416 0.9674868529 -0.1127010381 -13.9245851039 -0.9731026511 0.2196441206 -0.0694815858 -8.1689684466 -0.0424684004 0.1254019526 0.9911966431 -0.6733254181
0.2362966379 0.9658559474 -0.1062364713 -14.0362958689 -0.9712827619 0.2316540730 -0.0542787882 -8.1739537148 -0.0278153791 0.1160115484 0.9928583108 -0.7275696048
0.2162471685 0.9711612972 -0.1004136289 -14.1214003930 -0.9761878697 0.2132597859 -0.0397178394 -8.0977709679 -0.0171582395 0.1066114368 0.9941527027 -0.6763648864
0.2328878718 0.9666264261 -0.1067548194 -14.2024311444 -0.9724191596 0.2300138681 -0.0386600374 -8.0453910006 -0.0128147248 0.1128138856 0.9935334972 -0.6526048689
0.2383201289 0.9643477705 -0.1150516999 -14.3091612608 -0.9710116506 0.2343504563 -0.0470769379 -8.0473540490 -0.0184361217 0.1229359230 0.9922433513 -0.6892422845
0.2159650543 0.9693565840 -0.1170765068 -14.3982654121 -0.9761827256 0.2118231796 -0.0468852522 -8.0222311076 -0.0206490099 0.1244136396 0.9920155567 -0.6933647411
0.1813586505 0.9758598481 -0.1216823598 -14.4858877505 -0.9832744594 0.1778320893 -0.0393330087 -7.9727486031 -0.0167444756 0.1267805379 0.9917894523 -0.7224185662
0.1496255922 0.9819961092 -0.1153075176 -14.5685879616 -0.9884028183 0.1454958644 -0.0434835852 -7.9330002814 -0.0259239445 0.1204765325 0.9923776268 -0.7672185129
0.1272108824 0.9866207811 -0.1019648256 -14.6380576389 -0.9910425218 0.1222179828 -0.0538282888 -7.8588505997 -0.0406461731 0.1078990220 0.9933306044 -0.7113655564
0.1346431638 0.9864952582 -0.0932648060 -14.7459386149 -0.9900556237 0.1300606908 -0.0536104350 -7.8645111589 -0.0407563548 0.0995556242 0.9941969610 -0.6822950720
0.1391803952 0.9861107943 -0.0906328799 -14.8308866681 -0.9895427915 0.1349951202 -0.0508072956 -7.8657848914 -0.0378666261 0.0967564925 0.9945875023 -0.7081788553
0.1487182611 0.9845907786 -0.0919993341 -14.9093434102 -0.9879430401 0.1438849206 -0.0571461205 -7.7986017006 -0.0430282264 0.0993887735 0.9941179223 -0.6920818915
0.1580267760 0.9821495386 -0.1020285350 -15.0081601915 -0.9866346698 0.1528947063 -0.0563492430 -7.7610042641 -0.0397437601 0.1095695791 0.9931842432 -0.7096607908
0.1618332367 0.9816286774 -0.1010699918 -15.1071917654 -0.9862423528 0.1573900890 -0.0505408883 -7.7233802820 -0.0337049703 0.1078587020 0.9935947239 -0.8026488627
0.1511012125 0.9843998414 -0.0901408672 -15.1815848954 -0.9881069087 0.1477785464 -0.0424998607 -7.6390782478 -0.0285159698 0.0954905941 0.9950218017 -0.7560613786
0.1633317271 0.9822621379 -0.0921077597 -15.2702155915 -0.9864586229 0.1611893725 -0.0302881425 -7.5830684695 -0.0149041036 0.0958075084 0.9952882944 -0.7179374670
0.1714125288 0.9799171690 -0.1018827109 -15.3641686564 -0.9851319247 0.1692720385 -0.0293609941 -7.5593833985 -0.0115254481 0.1054007534 0.9943630349 -0.7474350150
0.1593460939 0.9811506012 -0.1093266669 -15.4449149721 -0.9870652328 0.1563623385 -0.0353983795 -7.5490479693 -0.0176365680 0.1135531455 0.9933753745 -0.7532372466
0.1524922709 0.9809804170 -0.1200979963 -15.5434767948 -0.9881731605 0.1493597322 -0.0347199543 -7.4835667528 -0.0161217907 0.1239721413 0.9921547238 -0.7570064673
0.1319957949 0.9835096001 -0.1236364696 -15.6403383995 -0.9910426500 0.1283848769 -0.0367666869 -7.4603749365 -0.0202873366 0.1273820625 0.9916462243 -0.8302214411
0.1038442429 0.9884024183 -0.1108017719 -15.7218088283 -0.9937832347 0.0986176356 -0.0516666654 -7.4385933849 -0.0401404483 0.1154782290 0.9924986262 -0.8458084733
0.0979213150 0.9905347732 -0.0961887681 -15.7933232407 -0.9935744435 0.0917920925 -0.0662120613 -7.3340899245 -0.0567559808 0.1020542739 0.9931584384 -0.7732149045
0.0974159226 0.9913069431 -0.0884346228 -15.8941033111 -0.9934962060 0.0915967918 -0.0676410848 -7.3478505749 -0.0589527493 0.0944487809 0.9937826730 -0.7576351171
0.1057049305 0.9907030226 -0.0856387101 -15.9751317033 -0.9931933247 0.1009475988 -0.0581085362 -7.3215409857 -0.0489232803 0.0911981539 0.9946302878 -0.7670946475
0.1227592726 0.9877468747 -0.0963653078 -16.0734741819 -0.9915906757 0.1180671070 -0.0529914160 -7.2746661103 -0.0409645324 0.1020601284 0.9939344230 -0.7732158046
0.1401921190 0.9844109985 -0.1062127855 -16.1798044923 -0.9894351206 0.1352843575 -0.0521179890 -7.2140568195 -0.0369365931 0.1123971915 0.9929766158 -0.8517488573
0.1371171120 0.9856908364 -0.0980432182 -16.2868659051 -0.9900589031 0.1332438375 -0.0450493966 -7.1880386153 -0.0313411228 0.1032456042 0.9941619985 -0.8760534567
0.1363352747 0.9860679924 -0.0953027139 -16.3485839002 -0.9905625703 0.1343211124 -0.0272696372 -7.0722682547 -0.0140885499 0.0981211147 0.9950747508 -0.8008463859
0.1537839366 0.9824966825 -0.1051226410 -16.4596725438 -0.9880989540 0.1525538893 -0.0196918266 -7.0562494300 -0.0033102866 0.1068998582 0.9942642819 -0.8313233950
0.1648227468 0.9798327366 -0.1129657932 -16.5677113647 -0.9863089613 0.1631202781 -0.0242158585 -7.0488929988 -0.0053004793 0.1154104984 0.9933037409 -0.8659890022
0.1502481079 0.9821868393 -0.1128473254 -16.6553261248 -0.9885887805 0.1480044379 -0.0280519068 -7.0082131893 -0.0108503087 0.1157743458 0.9932162764 -0.8488649643
0.1303859135 0.9846215112 -0.1162755059 -16.7387015858 -0.9913851284 0.1280030971 -0.0277621040 -6.9699176179 -0.0124515399 0.1188935947 0.9928289240 -0.8684963013
0.1046426936 0.9885507741 -0.1087072845 -16.8391082321 -0.9942296142 0.1013914855 -0.0350319984 -6.9346801155 -0.0236089160 0.1117458442 0.9934563329 -0.9170548658
0.0958921805 0.9904309539 -0.0992532882 -16.8901491729 -0.9948506456 0.0920750999 -0.0423599931 -6.8111388778 -0.0328158919 0.1028041899 0.9941601560 -0.8742264538
0.0938617620 0.9916469366 -0.0884665064 -17.0224623245 -0.9949031713 0.0901377812 -0.0451980104 -6.8480638778 -0.0368462939 0.0922579726 0.9950531730 -0.8630719059
0.0832653228 0.9929682091 -0.0841488075 -17.0934271224 -0.9956799080 0.0794155372 -0.0481112601 -6.8297003551 -0.0410902290 0.0877912765 0.9952910553 -0.8521394143
0.0971682173 0.9912861129 -0.0889391927 -17.1747182407 -0.9942302252 0.0925988335 -0.0541453176 -6.7698237099 -0.0454378359 0.0936872375 0.9945642788 -0.8314632177
0.1027741865 0.9897899194 -0.0987592120 -17.2889338826 -0.9936123394 0.0975023112 -0.0568138912 -6.7226509294 -0.0466045654 0.1039673731 0.9934881981 -0.8856633420
0.1169314078 0.9886119972 -0.0947278458 -17.3780745082 -0.9922124097 0.1121681020 -0.0541558032 -6.6706928626 -0.0429136341 0.1003226584 0.9940290661 -0.9539228317
0.1273984317 0.9880844706 -0.0863638730 -17.4590498354 -0.9913201970 0.1239965936 -0.0436933832 -6.5954221878 -0.0324639274 0.0911807201 0.9953050636 -0.9092181017
0.1367833672 0.9869262749 -0.0852457525 -17.5623021632 -0.9902511781 0.1339411052 -0.0382411365 -6.5785469753 -0.0263232721 0.0896454583 0.9956258219 -0.9118651721
0.1531665517 0.9841783410 -0.0890673934 -17.6537717772 -0.9877604523 0.1497861071 -0.0435133424 -6.5428202119 -0.0294838310 0.0946420374 0.9950746648 -0.9111950867
0.1372761102 0.9860012924 -0.0946399542 -17.7447245859 -0.9899051894 0.1331607981 -0.0485377974 -6.5128765448 -0.0352559991 0.1003476619 0.9943275925 -0.9080491448
0.1223569912 0.9868927777 -0.1052207776 -17.8319079200 -0.9919762657 0.1182070058 -0.0448351651 -6.4475358053 -0.0318096675 0.1098624099 0.9934376659 -0.9421885939
0.0923879926 0.9898932074 -0.1075913415 -17.9192168239 -0.9950447495 0.0877967082 -0.0466656681 -6.4064952243 -0.0367478623 0.1113695468 0.9930994002 -1.0163201484
0.0729495328 0.9924000263 -0.0990987058 -17.9906465243 -0.9961451551 0.0676484078 -0.0558437365 -6.3198910025 -0.0487154559 0.1027904701 0.9935093978 -0.9900033121
0.0862257560 0.9925499435 -0.0860797805 -18.1038142280 -0.9948994148 0.0812448177 -0.0597865713 -6.3194502132 -0.0523476219 0.0907958655 0.9944927538 -0.9555693668
0.0878660677 0.9927178797 -0.0824061012 -18.2008682539 -0.9949130736 0.0833659792 -0.0565516537 -6.3207303511 -0.0492699724 0.0869558789 0.9949930376 -0.9241008594
0.0900766480 0.9918872925 -0.0896983634 -18.2684668626 -0.9946780894 0.0850742280 -0.0581194826 -6.2436682474 -0.0500169572 0.0944562049 0.9942717583 -0.9362120624
0.1065840140 0.9888071043 -0.1044047814 -18.3649511049 -0.9927655604 0.0999925361 -0.0664683000 -6.1895412646 -0.0552846283 0.1107339295 0.9923112449 -0.9740854465
0.1247927037 0.9866017166 -0.1050896467 -18.4696801758 -0.9906628402 0.1180400277 -0.0682179508 -6.1722862223 -0.0548991626 0.1126215104 0.9921201930 -1.0409195091
0.1144329586 0.9883388819 -0.1004557243 -18.5775491679 -0.9923794200 0.1090744946 -0.0573222590 -6.1243826993 -0.0456966600 0.1062497491 0.9932888835 -1.0095412211
0.1262838856 0.9869747548 -0.0996655085 -18.6495605703 -0.9914181747 0.1221487484 -0.0465798897 -6.0336950125 -0.0337991581 0.1046924860 0.9939301285 -1.0165887666
0.1276019637 0.9863107987 -0.1044449483 -18.7511384570 -0.9912467149 0.1232215334 -0.0473962443 -6.0228585815 -0.0338775609 0.1095785657 0.9934006487 -1.0087383378
0.1271141941 0.9862092739 -0.1059870262 -18.8355456447 -0.9909355099 0.1215831779 -0.0571344563 -6.0000004989 -0.0434602912 0.1122889082 0.9927247374 -1.0287563709
0.1084519226 0.9887298452 -0.1032059774 -18.9226341607 -0.9931864195 0.1033125719 -0.0539189071 -5.9655285476 -0.0426487577 0.1083503843 0.9931975019 -1.0298200100
0.0851740837 0.9910605075 -0.1026861525 -19.0024798179 -0.9954789672 0.0802970775 -0.0507346546 -5.9045096891 -0.0420357146 0.1065431828 0.9934191205 -1.0674137092
0.0673688595 0.9930948424 -0.0960420264 -19.0946515714 -0.9962381153 0.0616969996 -0.0608530840 -5.8716598162 -0.0545073790 0.0997803302 0.9935153906 -1.1001942541
0.0737392671 0.9929721818 -0.0925676324 -19.1674832147 -0.9951129651 0.0671493022 -0.0723958412 -5.7942455383 -0.0656712044 0.0974536674 0.9930710325 -1.0535203144
0.0777130370 0.9928675970 -0.0904135983 -19.2796730720 -0.9951416025 0.0717519642 -0.0674154774 -5.7838068680 -0.0604472898 0.0952133946 0.9936199146 -1.0464177368
0.0731927031 0.9929027907 -0.0937383398 -19.3627543777 -0.9958543193 0.0676717476 -0.0607841199 -5.7538173192 -0.0540092850 0.0977986846 0.9937396110 -1.0694564615
0.0974688233 0.9897679732 -0.1042074265 -19.4583935069 -0.9935274967 0.0906291871 -0.0684796600 -5.6997211490 -0.0583347399 0.1102075755 0.9921952169 -1.0866704947
0.1125407101 0.9883527756 -0.1024371976 -19.5636960245 -0.9919638916 0.1057533791 -0.0694540178 -5.6751352263 -0.0578119914 0.1094304057 0.9923118260 -1.1541589451
0.1281888355 0.9876380070 -0.0902152403 -19.6458852214 -0.9907834650 0.1235183604 -0.0555998215 -5.5688797377 -0.0437692584 0.0965110448 0.9943690815 -1.1359353324
