1.0000000000 0.0000000000 0.0000000000 0.0000000000 0.0000000000 1.0000000000 0.0000000000 0.0000000000 0.0000000000 0.0000000000 1.0000000000 0.0000000000
0.9999999261 -0.0000319574 0.0003830920 -0.0014154778 0.0000318237 0.9999999386 0.0003490709 -0.0015340975 -0.0003831032 -0.0003490587 0.9999998657 0.0031294092
0.9999998873 -0.0001541046 0.0004490097 0.0118325086 0.0001541754 0.9999999757 -0.0001576327 -0.0044317072 -0.0004489854 0.0001577019 0.9999998868 0.0074409389
0.9999998636 -0.0000111499 0.0005222100 0.0075492687 0.0000110534 0.9999999829 0.0001846564 -0.0036364444 -0.0005222120 -0.0001846506 0.9999998466 0.0121957992
0.9999998129 0.0000648733 0.0006082387 0.0055319286 -0.0000651037 0.9999999261 0.0003788734 0.0080297084 -0.0006082140 -0.0003789130 0.9999997433 0.0020328363
0.9999998461 -0.0001574557 0.0005319734 0.0079736947 0.0001572079 0.9999998792 0.0004657275 0.0079193850 -0.0005320467 -0.0004656438 0.9999997501 -0.0038181042
0.9999998174 -0.0000194711 0.0006040169 0.0044377178 0.0000193127 0.9999999654 0.0002622072 0.0087478102 -0.0006040220 -0.0002621955 0.9999997832 -0.0046301094
0.9999997666 0.0000640241 0.0006801827 0.0082674364 -0.0000641475 0.9999999815 0.0001815286 0.0161006124 -0.0006801711 -0.0001815722 0.9999997522 -0.0047588768
0.9999997936 0.0000901712 0.0006361794 0.0031848700 -0.0000904526 0.9999998981 0.0004422852 0.0142378005 -0.0006361395 -0.0004423426 0.9999996998 -0.0020527104
0.9999997942 0.0001315653 0.0006278813 -0.0000161307 -0.0001317846 0.9999999304 0.0003491262 0.0102642240 -0.0006278354 -0.0003492089 0.9999997419 -0.0055531032
0.9999998520 0.0000431142 0.0005422771 0.0020503178 -0.0000433654 0.9999998918 0.0004631184 0.0135313849 -0.0005422571 -0.0004631419 0.9999997457 -0.0063514203
0.9999996294 -0.0000358706 0.0008602019 0.0076842712 0.0000357158 0.9999999832 0.0001799152 0.0123399361 -0.0008602083 -0.0001798844 0.9999996138 -0.0065146086
0.9999998618 -0.0002124816 0.0004808425 0.0005776245 0.0002124294 0.9999999715 0.0001085640 0.0057751628 -0.0004808656 -0.0001084619 0.9999998785 0.0031498836
0.9999997700 -0.0000170704 0.0006779743 0.0050935909 0.0000169353 0.9999999800 0.0001992318 0.0102999230 -0.0006779777 -0.0001992202 0.9999997503 0.0080827401
0.9999998081 -0.0001203201 0.0006076828 0.0182586587 0.0001202040 0.9999999745 0.0001911993 0.0145091587 -0.0006077058 -0.0001911262 0.9999997971 0.0053660858
0.9999997267 0.0000331570 0.0007385350 0.0099520366 -0.0000333790 0.9999999543 0.0003006168 0.0215527644 -0.0007385250 -0.0003006414 0.9999996821 0.0076340279
0.9999998603 -0.0000515701 0.0005259733 0.0224827633 0.0000514343 0.9999999654 0.0002581273 0.0245366325 -0.0005259866 -0.0002581002 0.9999998284 -0.0014134672
0.9999997205 -0.0001791787 0.0007259255 0.0098668231 0.0001789374 0.9999999287 0.0003325015 0.0017495451 -0.0007259851 -0.0003323716 0.9999996812 0.0082772618
0.9999998673 -0.0002003538 0.0004745369 0.0092272640 0.0002001909 0.9999999210 0.0003432754 0.0101414126 -0.0004746056 -0.0003431804 0.9999998285 0.0019143215
0.9999996470 -0.0001829922 0.0008200530 0.0169418913 0.0001829686 0.9999999828 0.0000288706 -0.0064693370 -0.0008200582 -0.0000287205 0.9999996633 0.0090339027
0.9999996888 -0.0001111486 0.0007810748 0.0266926830 0.0001111148 0.9999999929 0.0000433159 0.0144139997 -0.0007810796 -0.0000432291 0.9999996940 0.0043811190
0.9999998212 0.0000160873 0.0005977842 0.0229723633 -0.0000160513 0.9999999981 -0.0000600776 0.0154719453 -0.0005977852 0.0000600680 0.9999998195 0.0014204765
0.9999999317 -0.0000264903 0.0003685245 0.0241947656 0.0000263953 0.9999999664 0.0002579643 0.0215668022 -0.0003685313 -0.0002579545 0.9999998988 -0.0057998047
0.9999998708 0.0000741324 0.0005028481 0.0297127744 -0.0000742312 0.9999999779 0.0001964929 0.0170933984 -0.0005028335 -0.0001965302 0.9999998543 -0.0030707612
0.9999998692 0.0000965508 0.0005021944 0.0279400247 -0.0000965218 0.9999999937 -0.0000578513 0.0187768000 -0.0005022000 0.0000578028 0.9999998722 -0.0021666522
0.9999998825 -0.0001417250 0.0004635110 0.0220181903 0.0001416925 0.9999999875 0.0000700451 0.0233586567 -0.0004635210 -0.0000699794 0.9999998901 0.0071207273
0.9999998076 -0.0000324696 0.0006195274 0.0250826845 0.0000324361 0.9999999980 0.0000541648 0.0132214987 -0.0006195291 -0.0000541447 0.9999998066 0.0175408643
0.9999997558 -0.0001436546 0.0006839779 0.0154073186 0.0001436608 0.9999999896 -0.0000090665 0.0150393178 -0.0006839766 0.0000091647 0.9999997660 0.0074833795
0.9999996234 -0.0001121976 0.0008605562 0.0120948249 0.0001120887 0.9999999857 0.0001265904 0.0302291115 -0.0008605704 -0.0001264939 0.9999996217 0.0135737682
0.9999995374 -0.0000348652 0.0009612827 0.0117287931 0.0000347423 0.9999999912 0.0001278987 0.0145113194 -0.0009612872 -0.0001278653 0.9999995298 0.0133531319
0.9999998253 -0.0003089365 0.0005039151 0.0060475830 0.0003088447 0.9999999357 0.0001823523 0.0339132804 -0.0005039714 -0.0001821966 0.9999998564 0.0028678051
0.9999997734 -0.0001072147 0.0006645755 0.0163512042 0.0001071268 0.9999999855 0.0001322220 0.0135441717 -0.0006645897 -0.0001321508 0.9999997704 0.0157965165
0.9999997054 0.0000908859 0.0007622399 0.0110457402 -0.0000909748 0.9999999891 0.0001165877 0.0352724490 -0.0007622293 -0.0001166570 0.9999997027 0.0054083701
0.9999997934 -0.0001435372 0.0006266279 0.0227495368 0.0001434397 0.9999999776 0.0001557183 0.0116714910 -0.0006266502 -0.0001556284 0.9999997915 0.0173400606
0.9999997794 -0.0001963644 0.0006345384 0.0120608035 0.0001962882 0.9999999735 0.0001201914 0.0288958122 -0.0006345620 -0.0001200668 0.9999997915 0.0021796229
0.9999997493 -0.0002783951 0.0006511404 0.0061379504 0.0002783310 0.9999999564 0.0000984579 0.0160720447 -0.0006511678 -0.0000982767 0.9999997832 0.0204398419
0.9999998310 -0.0001131457 0.0005702743 0.0039058017 0.0001131017 0.9999999906 0.0000772265 0.0230501847 -0.0005702830 -0.0000771620 0.9999998344 0.0045396608
0.9999995673 -0.0002656320 0.0008915234 0.0143890693 0.0002655365 0.9999999590 0.0001072998 0.0178480797 -0.0008915519 -0.0001070630 0.9999995968 0.0187992612
0.9999997854 -0.0000729425 0.0006510281 0.0018860466 0.0000728622 0.9999999897 0.0001233746 0.0337340041 -0.0006510371 -0.0001233271 0.9999997805 0.0030774298
0.9999997117 -0.0002087253 0.0007301300 0.0063950872 0.0002085694 0.9999999554 0.0002136802 0.0139719335 -0.0007301746 -0.0002135278 0.9999997106 0.0090027169
0.9999997344 -0.0000921298 0.0007230082 -0.0017854193 0.0000919583 0.9999999676 0.0002372478 0.0185790271 -0.0007230300 -0.0002371813 0.9999997105 0.0053013396
0.9999997033 -0.0002348170 0.0007336790 0.0081788927 0.0002347673 0.9999999701 0.0000677667 0.0137697840 -0.0007336949 -0.0000675945 0.9999997286 0.0024846322
0.9999997720 -0.0002153305 0.0006400360 0.0066405525 0.0002151326 0.9999999290 0.0003093139 0.0170679993 -0.0006401026 -0.0003091762 0.9999997473 0.0035435973
0.9999996703 -0.0000791494 0.0008081340 0.0139617886 0.0000790097 0.9999999819 0.0001728977 0.0136481833 -0.0008081477 -0.0001728338 0.9999996585 0.0037500073
0.9999998162 -0.0001008740 0.0005977784 0.0089344971 0.0001007161 0.9999999600 0.0002641207 0.0150671460 -0.0005978050 -0.0002640605 0.9999997865 0.0008641920
0.9999996840 -0.0001711855 0.0007763286 0.0104653256 0.0001710027 0.9999999576 0.0002355416 0.0094129699 -0.0007763689 -0.0002354088 0.9999996709 0.0026820451
0.9999997473 -0.0001455346 0.0006957882 0.0128982666 0.0001452761 0.9999999204 0.0003715832 0.0156916232 -0.0006958422 -0.0003714820 0.9999996889 0.0009812466
0.9999998799 -0.0001686745 0.0004600544 0.0117734199 0.0001685790 0.9999999643 0.0002075267 0.0061780246 -0.0004600894 -0.0002074491 0.9999998726 -0.0013656216
0.9999996246 -0.0001046970 0.0008601739 0.0178797333 0.0001045531 0.9999999805 0.0001674083 0.0112020702 -0.0008601914 -0.0001673183 0.9999996160 0.0000836164
0.9999996598 0.0000278055 0.0008243606 0.0133113223 -0.0000279109 0.9999999914 0.0001278387 0.0119215743 -0.0008243570 -0.0001278616 0.9999996520 0.0005811337
0.9999997364 0.0000072357 0.0007259818 0.0174335692 -0.0000074443 0.9999999587 0.0002873766 0.0137330187 -0.0007259797 -0.0002873819 0.9999996952 0.0032417147
0.9999996476 -0.0000254520 0.0008391122 0.0163950164 0.0000252541 0.9999999718 0.0002359429 0.0118311637 -0.0008391182 -0.0002359216 0.9999996201 0.0005676736
0.9999997316 -0.0001044127 0.0007252197 0.0132968630 0.0001042261 0.9999999615 0.0002573193 0.0098650065 -0.0007252466 -0.0002572437 0.9999997039 0.0043908983
0.9999997972 -0.0000662410 0.0006333883 0.0152061307 0.0000660957 0.9999999715 0.0002293201 0.0113095951 -0.0006334034 -0.0002292782 0.9999997731 -0.0019907621
0.9999997185 -0.0001690603 0.0007310335 0.0147879507 0.0001688895 0.9999999584 0.0002336953 0.0081367502 -0.0007310730 -0.0002335718 0.9999997055 0.0011489015
0.9999998592 -0.0000890142 0.0005231886 0.0090899348 0.0000888865 0.9999999663 0.0002440963 0.0122395479 -0.0005232103 -0.0002440498 0.9999998333 -0.0007944985
0.9999997472 -0.0001314153 0.0006988356 0.0144328200 0.0001311434 0.9999999157 0.0003891570 0.0127544840 -0.0006988867 -0.0003890653 0.9999996801 0.0006726338
0.9999998637 -0.0000754997 0.0005166666 0.0092977718 0.0000753607 0.9999999610 0.0002690571 0.0092909610 -0.0005166869 -0.0002690181 0.9999998303 0.0009748470
0.9999997546 -0.0001998497 0.0006714978 0.0139688597 0.0001996477 0.9999999348 0.0003008803 0.0148562114 -0.0006715579 -0.0003007461 0.9999997293 0.0013331733
0.9999998576 0.0000433872 0.0005318777 0.0066306454 -0.0000435826 0.9999999316 0.0003674099 0.0099838157 -0.0005318617 -0.0003674330 0.9999997911 0.0006104516
0.9999997561 -0.0001419865 0.0006839080 0.0137090577 0.0001417255 0.9999999172 0.0003815843 0.0169436641 -0.0006839621 -0.0003814873 0.9999996933 -0.0003528950
0.9999997158 -0.0000595114 0.0007516022 0.0103044239 0.0000592095 0.9999999176 0.0004016764 0.0140455391 -0.0007516260 -0.0004016318 0.9999996369 0.0029963372
0.9999996977 -0.0000442557 0.0007762545 0.0152672319 0.0000440536 0.9999999651 0.0002604032 0.0102471489 -0.0007762660 -0.0002603689 0.9999996648 0.0009275456
0.9999998038 0.0000247583 0.0006259015 0.0152828579 -0.0000250197 0.9999999125 0.0004175407 0.0148059259 -0.0006258911 -0.0004175563 0.9999997170 -0.0000737209
0.9999997805 -0.0001306334 0.0006494939 0.0122000208 0.0001304254 0.9999999402 0.0003202487 0.0111988304 -0.0006495357 -0.0003201639 0.9999997378 0.0011324725
0.9999998806 -0.0001682550 0.0004588167 0.0096554679 0.0001680951 0.9999999251 0.0003485750 0.0110343398 -0.0004588753 -0.0003484978 0.9999998340 -0.0026635099
0.9999998672 -0.0001295204 0.0004987882 0.0084736699 0.0001293523 0.9999999348 0.0003370136 0.0103671096 -0.0004988318 -0.0003369490 0.9999998188 0.0022655739
0.9999997855 -0.0000526887 0.0006528756 0.0138511943 0.0000524974 0.9999999557 0.0002930076 0.0154097517 -0.0006528910 -0.0002929732 0.9999997439 0.0026741967
0.9999996171 -0.0000882048 0.0008706961 0.0182863848 0.0000880456 0.9999999794 0.0001829393 0.0078091600 -0.0008707122 -0.0001828626 0.9999996042 -0.0007898333
0.9999998016 0.0000315245 0.0006291689 0.0130357096 -0.0000316773 0.9999999700 0.0002427699 0.0099362503 -0.0006291612 -0.0002427897 0.9999997726 -0.0026662318
0.9999997000 -0.0001181069 0.0007655456 0.0134328071 0.0001178717 0.9999999458 0.0003072982 0.0105547154 -0.0007655819 -0.0003072079 0.9999996598 0.0019336084
0.9999996983 -0.0000203171 0.0007765669 0.0141531943 0.0000200848 0.9999999550 0.0002991668 0.0137724547 -0.0007765730 -0.0002991511 0.9999996537 0.0011504600
0.9999997803 -0.0000630705 0.0006598455 0.0149634289 0.0000628499 0.9999999421 0.0003342935 0.0137176704 -0.0006598665 -0.0003342520 0.9999997264 0.0007142264
0.9999996185 -0.0001352548 0.0008630077 0.0198875363 0.0001350609 0.9999999656 0.0002247376 0.0125119249 -0.0008630380 -0.0002246209 0.9999996024 -0.0012380273
0.9999996962 -0.0001796266 0.0007585499 0.0199235284 0.0001794319 0.9999999509 0.0002567199 0.0095986057 -0.0007585960 -0.0002565837 0.9999996793 0.0004407932
0.9999997537 -0.0001182757 0.0006918491 0.0076502529 0.0001180910 0.9999999574 0.0002670254 0.0117719955 -0.0006918806 -0.0002669436 0.9999997250 -0.0017966671
0.9999997707 -0.0002546445 0.0006274290 0.0166465592 0.0002544572 0.9999999231 0.0002984585 0.0086007343 -0.0006275050 -0.0002982987 0.9999997586 -0.0001619977
0.9999997476 -0.0000397302 0.0007093945 0.0111265669 0.0000395937 0.9999999807 0.0001924783 0.0115092980 -0.0007094021 -0.0001924501 0.9999997299 -0.0047258678
0.9999997505 -0.0001048963 0.0006985388 0.0125154008 0.0001047506 0.9999999728 0.0002085779 0.0087024452 -0.0006985606 -0.0002085046 0.9999997343 -0.0011877491
0.9999998117 -0.0003124533 0.0005281844 0.0092692588 0.0003123316 0.9999999246 0.0002305514 0.0072424332 -0.0005282564 -0.0002303864 0.9999998339 -0.0027096059
0.9999996102 -0.0002078670 0.0008580940 0.0134292652 0.0002075791 0.9999999221 0.0003356557 0.0140783930 -0.0008581637 -0.0003354775 0.9999995755 0.0008637273
0.9999997883 -0.0001314065 0.0006372758 0.0134330853 0.0001312227 0.9999999498 0.0002884343 0.0104265907 -0.0006373137 -0.0002883506 0.9999997553 -0.0041994526
0.9999994629 -0.0001201633 0.0010294343 0.0188070104 0.0001199160 0.9999999639 0.0002402955 0.0131725651 -0.0010294632 -0.0002401719 0.9999994413 0.0012953591
0.9999997108 -0.0001496581 0.0007456164 0.0155297919 0.0001494426 0.9999999470 0.0002890871 0.0136465871 -0.0007456597 -0.0002889756 0.9999996802 -0.0014854919
0.9999997906 -0.0000547174 0.0006447885 0.0139042870 0.0000544578 0.9999999174 0.0004027181 0.0150041666 -0.0006448105 -0.0004026829 0.9999997110 -0.0016481071
0.9999999134 -0.0002382819 0.0003411113 0.0059263043 0.0002381664 0.9999999143 0.0003386616 0.0100958451 -0.0003411920 -0.0003385804 0.9999998845 -0.0034459341
0.9999996989 -0.0000768434 0.0007722336 0.0147848017 0.0000767594 0.9999999911 0.0001087004 0.0079763445 -0.0007722419 -0.0001086410 0.9999996959 -0.0014354465
0.9999995994 -0.0002688533 0.0008537916 0.0134016233 0.0002686824 0.9999999439 0.0002002156 0.0113437395 -0.0008538453 -0.0001999861 0.9999996155 0.0006001747
0.9999998044 -0.0001170907 0.0006143373 0.0151865120 0.0001169799 0.9999999769 0.0001804507 0.0104414288 -0.0006143585 -0.0001803788 0.9999997950 -0.0061047059
0.9999998299 -0.0000665479 0.0005793974 0.0133236360 0.0000663737 0.9999999526 0.0003006978 0.0090617499 -0.0005794174 -0.0003006593 0.9999997869 0.0009472714
0.9999997000 -0.0001520853 0.0007595801 0.0151989969 0.0001518529 0.9999999417 0.0003059196 0.0099975189 -0.0007596266 -0.0003058042 0.9999996647 -0.0006861381
0.9999997305 -0.0002244684 0.0006989920 0.0159864410 0.0002242815 0.9999999391 0.0002675605 0.0096476506 -0.0006990520 -0.0002674037 0.9999997199 0.0007432945
0.9999997045 -0.0001126531 0.0007604510 0.0118635677 0.0001123985 0.9999999376 0.0003348896 0.0106896487 -0.0007604887 -0.0003348040 0.9999996548 0.0040237721
0.9999998621 -0.0001710081 0.0004964589 0.0137564460 0.0001709318 0.9999999736 0.0001537798 0.0077876601 -0.0004964852 -0.0001536949 0.9999998649 -0.0025126104
0.9999997634 -0.0000745430 0.0006838982 0.0175391279 0.0000744135 0.9999999793 0.0001894223 0.0098909042 -0.0006839123 -0.0001893714 0.9999997482 0.0017008003
0.9999996073 -0.0000392028 0.0008853283 0.0182737242 0.0000390084 0.9999999751 0.0002196217 0.0108594968 -0.0008853369 -0.0002195871 0.9999995840 0.0006084938
0.9999997161 -0.0000398113 0.0007524228 0.0140748464 0.0000396802 0.9999999840 0.0001742373 0.0082982625 -0.0007524297 -0.0001742074 0.9999997018 -0.0017886208
0.9999998149 -0.0000287145 0.0006077598 0.0086703416 0.0000285524 0.9999999640 0.0002668470 0.0113198194 -0.0006077674 -0.0002668296 0.9999997797 0.0016188509
0.9999998096 -0.0000354171 0.0006161412 0.0157757367 0.0000353344 0.9999999904 0.0001343481 0.0096145805 -0.0006161460 -0.0001343263 0.9999998012 -0.0018449196
0.9999996534 -0.0002557561 0.0007922820 0.0170474614 0.0002555680 0.9999999391 0.0002374693 0.0115457137 -0.0007923427 -0.0002372667 0.9999996579 0.0012185677
0.9999996701 -0.0000363546 0.0008114637 0.0137483088 0.0000362039 0.9999999821 0.0001856249 0.0112248320 -0.0008114705 -0.0001855954 0.9999996535 0.0013254989
0.9999997144 -0.0000661119 0.0007528879 0.0155567574 0.0000658705 0.9999999464 0.0003206437 0.0099598297 -0.0007529091 -0.0003205940 0.9999996652 0.0004727892
0.9999996523 0.0000541103 0.0008321399 0.0132082242 -0.0000542957 0.9999999737 0.0002228204 0.0118110894 -0.0008321278 -0.0002228655 0.9999996289 0.0006930665
0.9999995958 -0.0000461122 0.0008978879 0.0213072474 0.0000459752 0.9999999873 0.0001525881 0.0111411695 -0.0008978949 -0.0001525468 0.9999995853 0.0015688080
0.9999996120 -0.0000323446 0.0008803243 0.0195599357 0.0000320821 0.9999999550 0.0002981568 0.0128935825 -0.0008803339 -0.0002981284 0.9999995681 0.0054529360
0.9999997168 -0.0000569231 0.0007503939 0.0144840102 0.0000566324 0.9999999233 0.0003874351 0.0112123938 -0.0007504159 -0.0003873925 0.9999996434 -0.0020840165
0.9999997897 -0.0000462902 0.0006468545 0.0148750135 0.0000461191 0.9999999640 0.0002644525 0.0137564352 -0.0006468667 -0.0002644226 0.9999997558 -0.0008079772
0.9999996181 -0.0002571907 0.0008353090 0.0140344003 0.0002568959 0.9999999047 0.0003529716 0.0123150999 -0.0008353997 -0.0003527569 0.9999995888 0.0032989094
0.9999996406 -0.0001133903 0.0008402205 0.0136229951 0.0001132555 0.9999999807 0.0001605257 0.0070985095 -0.0008402387 -0.0001604305 0.9999996341 0.0016703520
0.9999998358 -0.0000209442 0.0005727353 0.0130788080 0.0000208077 0.9999999714 0.0002384617 0.0092151746 -0.0005727402 -0.0002384497 0.9999998076 -0.0000532848
0.9999996632 0.0000692683 0.0008178130 0.0145662301 -0.0000694357 0.9999999766 0.0002046938 0.0101353479 -0.0008177988 -0.0002047505 0.9999996446 0.0012974075
0.9999998970 -0.0000003116 0.0004538905 0.0091588622 0.0000001713 0.9999999522 0.0003091608 0.0057916381 -0.0004538906 -0.0003091607 0.9999998492 -0.0020856592
0.9999997140 -0.0001498267 0.0007413801 0.0152036010 0.0001497119 0.9999999768 0.0001550056 0.0085114697 -0.0007414033 -0.0001548945 0.9999997132 -0.0010935403
0.9999997774 -0.0000463960 0.0006656073 0.0139225072 0.0000461397 0.9999999248 0.0003851683 0.0122149130 -0.0006656251 -0.0003851375 0.9999997043 0.0008960914
0.9999997807 -0.0000908356 0.0006560818 0.0143917987 0.0000907836 0.9999999927 0.0000792466 0.0087437537 -0.0006560890 -0.0000791870 0.9999997816 -0.0032586273
0.9999998114 -0.0001395057 0.0005980482 0.0106235420 0.0001393116 0.9999999376 0.0003245558 0.0102387699 -0.0005980935 -0.0003244725 0.9999997685 -0.0009271504
0.9999997200 -0.0002908756 0.0006895568 0.0140603905 0.0002906193 0.9999998887 0.0003717778 0.0094874105 -0.0006896648 -0.0003715773 0.9999996931 -0.0036721904
0.9999997582 -0.0000575842 0.0006929656 0.0141170662 0.0000573315 0.9999999318 0.0003647117 0.0103002410 -0.0006929866 -0.0003646719 0.9999996934 -0.0010388867
0.9999996855 -0.0001315224 0.0007821065 0.0159943294 0.0001312796 0.9999999432 0.0003104997 0.0098771307 -0.0007821473 -0.0003103969 0.9999996459 -0.0014373248
0.9999996122 -0.0000575208 0.0008787686 0.0187872762 0.0000573285 0.9999999744 0.0002188095 0.0073174276 -0.0008787812 -0.0002187591 0.9999995899 -0.0015431326
0.9999998614 -0.0000405406 0.0005249227 0.0134587820 0.0000403947 0.9999999606 0.0002779137 0.0093245342 -0.0005249339 -0.0002778924 0.9999998236 -0.0023790699
0.9999998336 -0.0001818285 0.0005475006 0.0108903945 0.0001816492 0.9999999299 0.0003273924 0.0086431684 -0.0005475601 -0.0003272929 0.9999997965 -0.0012622654
0.9999998202 -0.0001214893 0.0005873000 0.0069738167 0.0001214288 0.9999999873 0.0001031466 0.0071105181 -0.0005873126 -0.0001030753 0.9999998222 -0.0016759834
0.9999997740 -0.0002015384 0.0006413240 0.0154571958 0.0002014180 0.9999999621 0.0001878277 0.0077961404 -0.0006413618 -0.0001876985 0.9999997767 0.0005310756
0.9999996549 -0.0002570810 0.0007899533 0.0119051397 0.0002569098 0.9999999435 0.0002168420 0.0078901068 -0.0007900090 -0.0002166390 0.9999996645 -0.0015173607
0.9999997684 -0.0000778573 0.0006760680 0.0142934118 0.0000776508 0.9999999503 0.0003054543 0.0109759576 -0.0006760918 -0.0003054017 0.9999997248 -0.0007581103
0.9999997180 -0.0000870198 0.0007459490 0.0177410428 0.0000867816 0.9999999452 0.0003193899 0.0127717905 -0.0007459768 -0.0003193250 0.9999996708 -0.0030812027
0.9999997021 -0.0001811088 0.0007503182 0.0196411005 0.0001808947 0.9999999429 0.0002854595 0.0120492304 -0.0007503698 -0.0002853237 0.9999996778 -0.0012836169
0.9999999353 -0.0001028713 0.0003448006 0.0095420537 0.0001027401 0.9999999224 0.0003803909 0.0082849622 -0.0003448397 -0.0003803555 0.9999998682 -0.0025812214
0.9999998008 -0.0001975506 0.0005994972 0.0139019123 0.0001973155 0.9999999036 0.0003921475 0.0125798220 -0.0005995746 -0.0003920291 0.9999997434 -0.0036228971
0.9999997598 0.0000577538 0.0006907212 0.0086355988 -0.0000580117 0.9999999286 0.0003733209 0.0094508037 -0.0006906995 -0.0003733609 0.9999996918 0.0003464722
0.9999996105 -0.0000574138 0.0008807315 0.0177982450 0.0000573095 0.9999999913 0.0001184418 0.0085731905 -0.0008807383 -0.0001183913 0.9999996051 -0.0020064212
0.9999998169 -0.0001964980 0.0005723861 0.0126959113 0.0001963535 0.9999999489 0.0002524106 0.0078098851 -0.0005724357 -0.0002522981 0.9999998043 -0.0028706342
0.9999996838 0.0000226571 0.0007948988 0.0167614453 -0.0000228136 0.9999999804 0.0001968826 0.0117192036 -0.0007948943 -0.0001969006 0.9999996647 -0.0010688583
0.9999998305 -0.0002228733 0.0005378768 0.0122724443 0.0002227722 0.9999999575 0.0001880616 0.0048695384 -0.0005379187 -0.0001879418 0.9999998377 -0.0032140386
0.9999999649 -0.0001124899 0.0002398699 0.0065422155 0.0001123759 0.9999998809 0.0004749716 0.0133638126 -0.0002399233 -0.0004749446 0.9999998584 -0.0016754403
0.9999998505 -0.0001591818 0.0005230487 0.0118538344 0.0001590846 0.9999999701 0.0001858678 0.0053319698 -0.0005230782 -0.0001857846 0.9999998459 -0.0049323504
0.9999996161 -0.0000789307 0.0008726273 0.0137763575 0.0000786434 0.9999999427 0.0003291901 0.0114119441 -0.0008726532 -0.0003291214 0.9999995651 0.0002076219
0.9999997700 0.0000395331 0.0006770550 0.0104874416 -0.0000397597 0.9999999432 0.0003346816 0.0123160532 -0.0006770417 -0.0003347084 0.9999997148 0.0027446905
0.9999997586 0.0000560540 0.0006925388 0.0112759849 -0.0000562118 0.9999999725 0.0002277992 0.0057902810 -0.0006925260 -0.0002278380 0.9999997342 -0.0045512880
0.9999998729 -0.0001268918 0.0004879942 0.0071213387 0.0001267476 0.9999999484 0.0002953541 0.0068033441 -0.0004880317 -0.0002952922 0.9999998373 -0.0040513827
0.9999998041 -0.0002907679 0.0005543877 0.0131791004 0.0002906347 0.9999999289 0.0002404380 0.0086218072 -0.0005544576 -0.0002402768 0.9999998174 -0.0034580761
0.9999997678 -0.0000275058 0.0006808700 0.0148710326 0.0000273453 0.9999999718 0.0002356966 0.0096023638 -0.0006808764 -0.0002356779 0.9999997404 -0.0017796044
0.9999996722 -0.0000628911 0.0008072824 0.0189001259 0.0000625608 0.9999999143 0.0004092170 0.0091491097 -0.0008073081 -0.0004091664 0.9999995904 -0.0016867571
0.9999997860 -0.0000352083 0.0006533107 0.0153546026 0.0000351536 0.9999999959 0.0000836985 0.0065761622 -0.0006533136 -0.0000836756 0.9999997831 -0.0041041586
0.9999997083 -0.0001131652 0.0007553475 0.0167250046 0.0001130871 0.9999999883 0.0001034568 0.0096969528 -0.0007553592 -0.0001033714 0.9999997094 -0.0017038032
0.9999997206 -0.0000746219 0.0007438538 0.0109309274 0.0000744433 0.9999999684 0.0002401207 0.0065791476 -0.0007438717 -0.0002400653 0.9999996945 -0.0018197111
0.9999998033 -0.0002346419 0.0005817162 0.0089347247 0.0002344153 0.9999998967 0.0003895115 0.0129176505 -0.0005818075 -0.0003893751 0.9999997549 -0.0007203690
0.9999998874 0.0000538206 0.0004715746 0.0068442864 -0.0000539540 0.9999999585 0.0002828542 0.0056962068 -0.0004715593 -0.0002828796 0.9999998488 -0.0037356725
0.9999997489 -0.0001865340 0.0006837157 0.0140876834 0.0001863661 0.9999999524 0.0002457009 0.0111710303 -0.0006837615 -0.0002455734 0.9999997361 -0.0005981114
0.9999997181 -0.0000017856 0.0007508413 0.0112537387 0.0000015130 0.9999999341 0.0003630701 0.0162099925 -0.0007508419 -0.0003630688 0.9999996522 0.0002583057
0.9999997091 -0.0001089630 0.0007548938 0.0170128483 0.0001087739 0.9999999627 0.0002505249 0.0095166218 -0.0007549211 -0.0002504427 0.9999996837 -0.0029322350
0.9999997150 0.0000649927 0.0007522152 0.0124377492 -0.0000653075 0.9999999103 0.0004184638 0.0141400645 -0.0007521880 -0.0004185128 0.9999996295 0.0001454216
0.9999998488 -0.0002149630 0.0005060821 0.0141969213 0.0002148250 0.9999999397 0.0002728070 0.0072590449 -0.0005061407 -0.0002726982 0.9999998347 -0.0051063841
0.9999996799 0.0000853037 0.0007956030 0.0150204655 -0.0000855306 0.9999999557 0.0002851210 0.0144616480 -0.0007955786 -0.0002851889 0.9999996429 0.0030917153
0.9999997604 -0.0000095407 0.0006921119 0.0167100726 0.0000094247 0.9999999859 0.0001676008 0.0082628564 -0.0006921135 -0.0001675943 0.9999997464 0.0007028212
0.9999998081 -0.0001361378 0.0006043963 0.0131807292 0.0001360306 0.9999999750 0.0001774012 0.0082427483 -0.0006044204 -0.0001773189 0.9999998016 -0.0025986284
0.9999998856 -0.0002563907 0.0004037201 0.0113036689 0.0002562818 0.9999999308 0.0002696395 0.0063138620 -0.0004037892 -0.0002695360 0.9999998822 -0.0064609331
0.9999998352 0.0000280570 0.0005733607 0.0162531556 -0.0000282271 0.9999999556 0.0002967149 0.0080068722 -0.0005733524 -0.0002967310 0.9999997916 0.0000006886
0.9999997067 -0.0000279449 0.0007653665 0.0158859554 0.0000279192 0.9999999990 0.0000336302 0.0086771584 -0.0007653674 -0.0000336088 0.9999997065 -0.0026633891
0.9999996161 -0.0000385174 0.0008754232 0.0151498593 0.0000384212 0.9999999932 0.0001099770 0.0053965764 -0.0008754274 -0.0001099433 0.9999996108 0.0011281823
0.9999996964 0.0000720089 0.0007758388 0.0135555129 -0.0000723062 0.9999999240 0.0003832113 0.0097453956 -0.0007758111 -0.0003832673 0.9999996256 0.0006950947
0.9999998449 0.0000012253 0.0005568735 0.0162503511 -0.0000013486 0.9999999755 0.0002213725 0.0075513556 -0.0005568732 -0.0002213732 0.9999998204 -0.0014602179
0.9999997178 -0.0000817677 0.0007468622 0.0170769576 0.0000817551 0.9999999965 0.0000167911 0.0042052429 -0.0007468636 -0.0000167300 0.9999997210 0.0003156673
0.9999996088 -0.0004117356 0.0007828688 0.0199566399 0.0004114814 0.9999998626 0.0003248196 0.0127410796 -0.0007830025 -0.0003244973 0.9999996408 -0.0022018287
0.9999998620 -0.0002749096 0.0004477752 0.0046353044 0.0002747684 0.9999999125 0.0003153831 0.0096011732 -0.0004478619 -0.0003152600 0.9999998500 -0.0006394681
0.9999997157 0.0004066642 0.0006349315 0.0085043510 -0.0004068635 0.9999998680 0.0003138872 0.0142584161 -0.0006348038 -0.0003141455 0.9999997492 0.0017795091
0.9999997164 -0.0001005360 0.0007464366 0.0220552724 0.0001003203 0.9999999532 0.0002889750 0.0085403480 -0.0007464656 -0.0002889000 0.9999996797 -0.0018864856
0.9999997593 -0.0002802848 0.0006347139 0.0054665817 0.0002799781 0.9999998441 0.0004832183 0.0189406151 -0.0006348493 -0.0004830405 0.9999996818 0.0003053296
0.9999996586 0.0001412228 0.0008141764 0.0129045593 -0.0001413951 0.9999999676 0.0002114669 0.0075636440 -0.0008141465 -0.0002115819 0.9999996462 0.0022933537
0.9999997740 -0.0000594538 0.0006696913 0.0184854755 0.0000592463 0.9999999502 0.0003098266 0.0132304982 -0.0006697097 -0.0003097869 0.9999997278 -0.0007635419
0.9999995996 -0.0003049994 0.0008412867 0.0151636912 0.0003047856 0.9999999212 0.0002542824 0.0113900342 -0.0008413642 -0.0002540259 0.9999996138 0.0003657900
0.9999996066 0.0001500381 0.0008742863 0.0128439790 -0.0001501064 0.9999999857 0.0000780202 0.0078687513 -0.0008742746 -0.0000781514 0.9999996148 -0.0030358810
0.9999994240 -0.0002347394 0.0010473573 0.0203423223 0.0002345533 0.9999999567 0.0001777748 0.0089502252 -0.0010473990 -0.0001775290 0.9999994357 -0.0042139067
0.9999998504 -0.0003455818 0.0004240032 0.0022737220 0.0003453733 0.9999998195 0.0004915951 0.0091175607 -0.0004241730 -0.0004914486 0.9999997893 -0.0077220455
0.9999997463 0.0000913477 0.0007064048 0.0038552467 -0.0000915580 0.9999999515 0.0002976052 0.0093981365 -0.0007063775 -0.0002976698 0.9999997062 -0.0040203352
0.9999997150 -0.0000069963 0.0007548878 0.0079568248 0.0000068411 0.9999999788 0.0002057177 0.0065807662 -0.0007548892 -0.0002057125 0.9999996939 -0.0051726756
0.9999999367 -0.0001437417 0.0003255594 0.0021701307 0.0001435245 0.9999997673 0.0006668952 0.0100385256 -0.0003256552 -0.0006668485 0.9999997246 -0.0112012662
0.9999997955 0.0000980578 0.0006319604 0.0054718989 -0.0000983064 0.9999999178 0.0003932630 0.0086941783 -0.0006319218 -0.0003933250 0.9999997230 -0.0051530734
0.9999995836 -0.0001412409 0.0009016036 0.0070527228 0.0001408517 0.9999998969 0.0004317166 0.0097665259 -0.0009016645 -0.0004315894 0.9999995004 -0.0062140116
0.9999997723 -0.0002116517 0.0006407625 -0.0003242850 0.0002115414 0.9999999628 0.0001722157 0.0033483928 -0.0006407989 -0.0001720801 0.9999997799 -0.0088105145
0.9999996581 0.0001559253 0.0008121368 0.0036903662 -0.0001561393 0.9999999531 0.0002634413 0.0090316174 -0.0008120956 -0.0002635680 0.9999996355 -0.0054424682
0.9999998766 0.0000064896 0.0004967545 -0.0080894685 -0.0000065438 0.9999999940 0.0001091768 0.0037718917 -0.0004967538 -0.0001091800 0.9999998707 -0.0096378979
0.9999987656 -0.0006246335 0.0014417167 0.0003558263 0.0006252088 0.9999997251 -0.0003986494 0.0012596988 -0.0014414673 0.0003995503 0.9999988813 -0.0081030387
0.9999991598 -0.0005787433 0.0011599135 -0.0033544616 0.0005784670 0.9999998042 0.0002385429 0.0066246860 -0.0011600513 -0.0002378717 0.9999992988 -0.0157576027
0.9999985055 -0.0009708644 0.0014305290 -0.0084721235 0.0009706860 0.9999995210 0.0001254412 0.0042350690 -0.0014306501 -0.0001240524 0.9999989689 -0.0090256507
0.9999982416 -0.0011403594 0.0014887471 -0.0043557241 0.0011399930 0.9999993197 0.0002469164 0.0124558142 -0.0014890276 -0.0002452188 0.9999988613 -0.0044163750
0.9999996042 -0.0007475489 0.0004825311 -0.0194461050 0.0007473487 0.9999996346 0.0004150779 0.0062775393 -0.0004828412 -0.0004147172 0.9999997974 -0.0145895189
0.9999994332 -0.0006310056 0.0008575943 0.0020541543 0.0006308093 0.9999997748 0.0002292053 0.0087464648 -0.0008577388 -0.0002286642 0.9999996060 -0.0023294776
0.9999996833 -0.0005293201 0.0005943411 0.0083621893 0.0005290520 0.9999997583 0.0004511277 0.0115149105 -0.0005945797 -0.0004508131 0.9999997216 -0.0090066995
0.9999996034 -0.0006267700 0.0006327117 -0.0049945912 0.0006265437 0.9999997397 0.0003579081 0.0062498682 -0.0006329359 -0.0003575115 0.9999997358 -0.0042593535
0.9999991961 -0.0007636651 0.0010122323 0.0024248315 0.0007634097 0.9999996767 0.0002526040 0.0106167479 -0.0010124249 -0.0002518311 0.9999994558 -0.0070644475
0.9999990101 -0.0008522479 0.0011195990 -0.0041014425 0.0008520435 0.9999996203 0.0001830694 0.0044963987 -0.0011197546 -0.0001821153 0.9999993565 -0.0012196225
0.9999985896 -0.0009517494 0.0013838401 -0.0030261933 0.0009515141 0.9999995327 0.0001706861 0.0104861654 -0.0013840019 -0.0001693691 0.9999990279 0.0011107402
0.9999991303 -0.0007787421 0.0010644221 0.0026201332 0.0007784716 0.9999996646 0.0002545376 0.0075549752 -0.0010646200 -0.0002537088 0.9999994011 -0.0001264336
0.9999994189 -0.0005120233 0.0009487421 0.0023726159 0.0005116700 0.9999997997 0.0003726395 0.0113572415 -0.0009489327 -0.0003721538 0.9999994805 -0.0044690273
0.9999997528 -0.0003747195 0.0005949193 0.0069639249 0.0003745108 0.9999998683 0.0003508131 0.0081149986 -0.0005950507 -0.0003505902 0.9999997615 -0.0101292100
0.9999997101 -0.0005156174 0.0005603506 0.0168640107 0.0005153083 0.9999997150 0.0005517438 0.0141732633 -0.0005606349 -0.0005514549 0.9999996908 -0.0033932866
0.9999996314 -0.0006010772 0.0006131848 0.0094842274 0.0006009043 0.9999997797 0.0002820427 0.0082782882 -0.0006133542 -0.0002816741 0.9999997722 -0.0084177547
0.9999979013 -0.0009916644 0.0017927427 0.0196203441 0.0009931951 0.9999991428 -0.0008531662 0.0049666372 -0.0017918951 0.0008549450 0.9999980291 0.0001498347
0.9999965145 -0.0016106782 0.0020920506 -0.0195786353 0.0016119142 0.9999985273 -0.0005892474 0.0040621249 -0.0020910984 0.0005926176 0.9999976381 0.0177867809
0.9999931976 -0.0020655003 0.0030558961 -0.0118316350 0.0020684778 0.9999973888 -0.0009715199 -0.0017672736 -0.0030538814 0.0009778343 0.9999948588 0.0137983944
0.9999959535 -0.0014212101 0.0024643659 -0.0091956523 0.0014210296 0.9999989875 0.0000750101 -0.0055894045 -0.0024644700 -0.0000715079 0.9999969606 0.0055545717
0.9999965150 -0.0008196225 0.0025096396 0.0427023519 0.0008201771 0.9999996395 -0.0002199845 -0.0069739476 -0.0025094584 0.0002220421 0.9999968267 -0.0217783151
0.9999776546 -0.0050888931 0.0043351503 0.0036509621 0.0050966871 0.9999854120 -0.0017887064 0.0037360583 -0.0043259845 0.0018107613 0.9999890034 -0.0122405885
0.9999789755 -0.0045544702 0.0046157769 -0.0040004259 0.0045645734 0.9999872045 -0.0021806907 0.0357601750 -0.0046057859 0.0022017139 0.9999869695 -0.0203583705
0.9999799264 -0.0046065268 0.0043504826 0.0119937904 0.0046158405 0.9999870715 -0.0021332495 0.0376010883 -0.0043405995 0.0021532878 0.9999882612 -0.0282632887
0.9999781236 -0.0044115955 0.0049284971 0.0360049432 0.0044239343 0.9999871007 -0.0024954545 0.0442095799 -0.0049174246 0.0025172033 0.9999847412 -0.0293517326
0.9999757886 -0.0038515303 0.0057955063 0.0509470651 0.0038689093 0.9999880442 -0.0029904866 0.0352499498 -0.0057839191 0.0030128365 0.9999787343 -0.0234806811
0.9999773211 -0.0041422525 0.0053102840 0.0727272623 0.0041569373 0.9999875585 -0.0027573056 0.0211895047 -0.0052987965 0.0027793175 0.9999820989 -0.0485907851
0.9999817179 -0.0043479893 0.0042022356 0.0770141317 0.0043597744 0.9999865777 -0.0027994101 0.0080618597 -0.0041900074 0.0028176798 0.9999872522 -0.0887864278
0.9999819367 -0.0040206658 0.0044677281 0.1135896515 0.0040336626 0.9999876485 -0.0029038566 0.0008273695 -0.0044559975 0.0029218255 0.9999858034 -0.0929475477
0.9999885988 -0.0033921735 0.0033608634 0.1488027858 0.0034013397 0.9999905016 -0.0027253766 -0.0146426883 -0.0033515865 0.0027367770 0.9999906384 -0.1433182779
0.9999945241 -0.0018104498 0.0027702210 0.1528097523 0.0018157559 0.9999965197 -0.0019140637 0.0097733643 -0.0027667460 0.0019190833 0.9999943311 -0.1647757815
0.9999934382 -0.0026807402 0.0024366256 0.1396919368 0.0026854613 0.9999945194 -0.0019363613 -0.0102068904 -0.0024314214 0.0019428920 0.9999951567 -0.1930443777
0.9999930070 -0.0028414101 0.0024315301 0.1492267309 0.0028455791 0.9999944845 -0.0017128157 0.0057076672 -0.0024266499 0.0017197228 0.9999955770 -0.2124117350
0.9999913806 -0.0032465134 0.0025882270 0.1940660938 0.0032513987 0.9999929366 -0.0018855148 -0.0133660062 -0.0025820874 0.0018939139 0.9999948729 -0.2468124071
0.9999886788 -0.0035393122 0.0031804980 0.2420137073 0.0035486582 0.9999893884 -0.0029377038 -0.0018198245 -0.0031700668 0.0029489571 0.9999906271 -0.2643975305
0.9999782569 -0.0048402176 0.0044786215 0.3073284157 0.0048618096 0.9999765511 -0.0048228633 0.0146258512 -0.0044551727 0.0048445327 0.9999783407 -0.2671567792
0.9999741489 -0.0049190640 0.0052444552 0.3673383391 0.0049486914 0.9999717859 -0.0056513664 -0.0143936423 -0.0052165078 0.0056771735 0.9999702784 -0.2928801423
0.9999413748 -0.0072193408 0.0080701971 0.6695185933 0.0072922000 0.9999325895 -0.0090355061 0.0259674140 -0.0080044227 0.0090938258 0.9999266131 -0.4053358401
0.9998774662 -0.0068011642 0.0140995320 0.9447325127 0.0069826420 0.9998928979 -0.0128621738 0.0414508814 -0.0140105442 0.0129590498 0.9998178673 -0.6005716616
0.9997362572 -0.0047039994 0.0224786222 1.3251720418 0.0050731195 0.9998527684 -0.0163922246 0.0426314821 -0.0223982036 0.0165019380 0.9996129283 -0.8391511975
0.9988832781 -0.0011158366 0.0472329511 1.9395137607 0.0021155389 0.9997746957 -0.0211206623 0.0752693695 -0.0471987421 0.0211969995 0.9986605860 -1.3135439544
0.9969663601 0.0015691724 0.0778178296 2.5326988122 0.0003731393 0.9996889075 -0.0249389061 0.0667509116 -0.0778327545 0.0248922874 0.9966556258 -1.9131536380
0.9940738527 0.0024050038 0.1086802253 3.3707834913 0.0007356860 0.9995835069 -0.0288491153 0.1553279328 -0.1087043430 0.0287581057 0.9936580585 -2.5328208094
0.9902548286 0.0057973335 0.1391465604 4.0619235685 -0.0010373884 0.9994125417 -0.0342563187 0.1889445145 -0.1392634129 0.0337781360 0.9896791093 -3.2212769428
0.9858843552 0.0035885943 0.1673892472 4.6889155915 0.0021353714 0.9994194488 -0.0340030218 0.2950214852 -0.1674140922 0.0338804854 0.9853043359 -3.8461230779
0.9807495227 0.0075658780 0.1951233745 5.2995475208 -0.0001421766 0.9992765054 -0.0380321656 0.3217181532 -0.1952699505 0.0372722863 0.9800410313 -4.5404284948
0.9746803887 0.0028029698 0.2235850695 6.2949428286 0.0050208796 0.9993949629 -0.0344165503 0.4709841838 -0.2235462608 0.0346677303 0.9740765975 -5.2502123310
0.9677665158 -0.0020338343 0.2518408912 7.2685198512 0.0100770014 0.9994793211 -0.0306519291 0.6241881096 -0.2516474220 0.0322017116 0.9672831151 -5.9888337489
0.9677665158 -0.0020338343 0.2518408912 7.2685198512 0.0100770014 0.9994793211 -0.0306519291 0.6241881096 -0.2516474220 0.0322017116 0.9672831151 -5.9888337489
0.9668860566 0.0009668007 0.2552066199 6.7371250061 0.0082930316 0.9993456978 -0.0352051400 0.6057720385 -0.2550736740 0.0361557956 0.9662454032 -5.9790620854
0.9668757253 -0.0009847342 0.2552456896 6.7746089434 0.0103552487 0.9993206167 -0.0353705225 0.6315273545 -0.2550374494 0.0368420322 0.9662290433 -5.9954296646
0.9670031965 -0.0028685312 0.2547480903 7.0736336975 0.0123264585 0.9992923060 -0.0355379452 0.6641930582 -0.2544658649 0.0375054484 0.9663542130 -6.1126038869
0.9669254638 0.0009160422 0.2550574607 7.2333762009 0.0084295925 0.9993324967 -0.0355457879 0.6755411967 -0.2549197705 0.0365201579 0.9662723160 -6.1647778645
0.9669273695 0.0025935529 0.2550386942 7.4581129751 0.0067867283 0.9993325949 -0.0358929664 0.6674797943 -0.2549615703 0.0364367699 0.9662644356 -6.2490907289
0.9668236015 0.0042649450 0.2554093457 7.6850034104 0.0051158810 0.9993367849 -0.0360529913 0.6820707338 -0.2553937184 0.0361635267 0.9661605705 -6.3165019508
0.9666229170 0.0073774729 0.2560970699 7.7609678504 0.0019991947 0.9993376992 -0.0363340910 0.6581114486 -0.2561955104 0.0356333529 0.9659679729 -6.3400833533
0.9665365844 0.0080631894 0.2564020592 7.7553091793 0.0013113018 0.9993375428 -0.0363697121 0.6688508398 -0.2565254597 0.0354888778 0.9658857221 -6.3391607329
0.9665168750 0.0085404870 0.2564608947 7.7451021984 0.0008151045 0.9993387456 -0.0363511633 0.6755087960 -0.2566017654 0.0353430552 0.9658708001 -6.3389175469
0.9664455083 0.0088356096 0.2567197139 7.7958958796 0.0005284093 0.9993377509 -0.0363837932 0.6871646565 -0.2568711745 0.0352986066 0.9658008118 -6.3558583959
0.9664076416 0.0092896531 0.2568462042 7.8146993811 0.0001443540 0.9993267968 -0.0366869510 0.6813726020 -0.2570141035 0.0354916265 0.9657557119 -6.3720567930
0.9664737235 0.0098860908 0.2565751486 7.8233415714 -0.0005678515 0.9993383593 -0.0363664849 0.6922428597 -0.2567649105 0.0350015555 0.9658398790 -6.3867983048
0.9665727538 0.0104694741 0.2561786519 7.8270974063 -0.0011964270 0.9993392518 -0.0363266907 0.7014266562 -0.2563897037 0.0348058905 0.9659466185 -6.4027361704
0.9664983376 0.0081602516 0.2565431226 7.6933871100 0.0012162237 0.9993376736 -0.0363694219 0.7249970167 -0.2566699910 0.0354629996 0.9658482756 -6.3418910501
0.9666294328 0.0076416040 0.2560647292 7.6514654376 0.0017717588 0.9993316874 -0.0365108122 0.7273671093 -0.2561725991 0.0357461106 0.9659698831 -6.3428106196
0.9666642219 0.0060172317 0.2559767080 7.5551420746 0.0034171041 0.9993316219 -0.0363955073 0.7400699244 -0.2560246190 0.0360569338 0.9659975631 -6.3113253322
0.9667327316 0.0050761589 0.2557382611 7.4547517933 0.0043477159 0.9993325378 -0.0362708732 0.7444590865 -0.2557516822 0.0361761176 0.9660654044 -6.2851240441
0.9668129067 0.0064572412 0.2554038127 7.5285664733 0.0028898292 0.9993402044 -0.0362050387 0.7352697954 -0.2554690831 0.0357415721 0.9661563474 -6.3187298843
