1.0000000000 0.0000000000 0.0000000000 0.0000000000 0.0000000000 1.0000000000 0.0000000000 0.0000000000 0.0000000000 0.0000000000 1.0000000000 0.0000000000
0.9999999983 0.0000473744 0.0000336843 0.0001177067 -0.0000473701 0.9999999905 -0.0001296867 -0.0066862017 -0.0000336904 0.0001296851 0.9999999910 -0.0036094246
0.9999999548 0.0000420001 0.0002976829 0.0082885221 -0.0000419320 0.9999999730 -0.0002286856 0.0007196400 -0.0002976925 0.0002286731 0.9999999295 0.0074378049
0.9999999928 0.0000675459 0.0000996298 -0.0012976246 -0.0000675298 0.9999999845 -0.0001624496 -0.0021425430 -0.0000996407 0.0001624429 0.9999999818 -0.0006729669
0.9999997842 -0.0000101320 0.0006568724 -0.0008692839 0.0000101862 0.9999999965 -0.0000825639 -0.0065650713 -0.0006568716 0.0000825706 0.9999997809 -0.0027958408
0.9999998737 0.0001360476 0.0004837547 -0.0007255225 -0.0001359662 0.9999999766 -0.0001684132 -0.0085984888 -0.0004837776 0.0001683474 0.9999998688 -0.0113751027
0.9999998429 -0.0000396023 0.0005590803 0.0025033812 0.0000396769 0.9999999903 -0.0001334697 -0.0027436690 -0.0005590750 0.0001334918 0.9999998348 -0.0111459473
0.9999997034 0.0001059562 0.0007628710 -0.0011044355 -0.0001056687 0.9999999234 -0.0003769130 -0.0021669555 -0.0007629109 0.0003768323 0.9999996380 -0.0116389488
0.9999997802 0.0000883011 0.0006571372 -0.0024749926 -0.0000882922 0.9999999960 -0.0000134842 0.0090962247 -0.0006571384 0.0000134262 0.9999997840 -0.0014150291
0.9999998246 0.0001586812 0.0005706153 0.0005194309 -0.0001586232 0.9999999823 -0.0001016501 0.0096090051 -0.0005706314 0.0001015596 0.9999998320 -0.0109727629
0.9999998060 0.0000247688 0.0006224082 -0.0075543670 -0.0000248207 0.9999999962 0.0000832990 0.0086782558 -0.0006224061 -0.0000833145 0.9999998028 -0.0110728983
0.9999997807 0.0000048231 0.0006622145 -0.0070488358 -0.0000046783 0.9999999761 -0.0002187156 0.0060645044 -0.0006622155 0.0002187125 0.9999997568 -0.0073164918
0.9999998119 0.0001143454 0.0006026745 -0.0059189530 -0.0001141270 0.9999999278 -0.0003623583 0.0034182664 -0.0006027159 0.0003622895 0.9999997527 -0.0000513558
0.9999998235 0.0000355273 0.0005930359 -0.0037832590 -0.0000354309 0.9999999862 -0.0001624789 0.0020474041 -0.0005930417 0.0001624579 0.9999998110 -0.0133135612
0.9999998603 0.0000088776 0.0005284976 -0.0055166579 -0.0000088816 0.9999999999 0.0000076971 0.0126589982 -0.0005284975 -0.0000077018 0.9999998603 -0.0075062434
0.9999999056 0.0000344661 0.0004331321 -0.0029060208 -0.0000343077 0.9999999325 -0.0003657310 0.0096197801 -0.0004331447 0.0003657161 0.9999998393 -0.0107673813
0.9999996294 0.0002557824 0.0008220377 -0.0002733382 -0.0002556424 0.9999999528 -0.0001705018 0.0112459860 -0.0008220812 0.0001702916 0.9999996476 -0.0079929114
0.9999999394 0.0000945225 0.0003349332 -0.0008507569 -0.0000944352 0.9999999616 -0.0002604894 0.0100372411 -0.0003349578 0.0002604577 0.9999999100 -0.0075957502
0.9999998351 0.0000208947 0.0005739350 0.0048681271 -0.0000207995 0.9999999860 -0.0001659991 0.0075672178 -0.0005739385 0.0001659871 0.9999998215 -0.0061322264
0.9999998080 0.0002284857 0.0005759599 -0.0025128208 -0.0002284628 0.9999999731 -0.0000399018 0.0010568956 -0.0005759690 0.0000397702 0.9999998333 0.0023546443
0.9999998691 -0.0000449387 0.0005096611 -0.0067443751 0.0000450350 0.9999999811 -0.0001889911 -0.0085575824 -0.0005096526 0.0001890141 0.9999998523 -0.0046120782
0.9999997994 0.0000726497 0.0006291522 -0.0053142328 -0.0000724641 0.9999999539 -0.0002949617 -0.0106317724 -0.0006291736 0.0002949160 0.9999997586 -0.0089537752
0.9999997345 -0.0000502047 0.0007269807 -0.0130934944 0.0000502225 0.9999999984 -0.0000245963 -0.0076833476 -0.0007269795 0.0000246328 0.9999997354 -0.0219664151
0.9999995876 0.0000109527 0.0009081356 -0.0121891657 -0.0000109613 0.9999999999 0.0000093606 -0.0030510984 -0.0009081355 -0.0000093706 0.9999995876 -0.0202542857
0.9999997847 -0.0000088776 0.0006560818 -0.0117252953 0.0000089871 0.9999999860 -0.0001670375 -0.0041536045 -0.0006560803 0.0001670434 0.9999997708 -0.0186063670
0.9999997465 0.0000386898 0.0007109214 -0.0096721073 -0.0000386822 0.9999999992 -0.0000107492 -0.0054438004 -0.0007109218 0.0000107217 0.9999997472 -0.0157350123
0.9999996765 0.0001278133 0.0007941742 -0.0109514437 -0.0001276248 0.9999999637 -0.0002373554 -0.0063096420 -0.0007942046 0.0002372540 0.9999996565 -0.0164088538
0.9999997334 -0.0000564508 0.0007280471 -0.0121541891 0.0000566010 0.9999999771 -0.0002064066 -0.0025148163 -0.0007280355 0.0002064477 0.9999997137 -0.0162540731
0.9999995726 0.0000686464 0.0009219487 -0.0169124207 -0.0000684668 0.9999999787 -0.0001948738 -0.0027087793 -0.0009219621 0.0001948106 0.9999995560 -0.0133208634
0.9999997300 -0.0000748037 0.0007310452 -0.0183106319 0.0000749968 0.9999999623 -0.0002640846 0.0031072872 -0.0007310254 0.0002641394 0.9999996979 -0.0032827728
0.9999997002 -0.0000137975 0.0007741986 -0.0181029480 0.0000139947 0.9999999675 -0.0002547007 0.0119509855 -0.0007741951 0.0002547114 0.9999996679 -0.0130798049
0.9999996901 0.0001087084 0.0007797537 -0.0137362839 -0.0001084917 0.9999999555 -0.0002780128 0.0127574338 -0.0007797839 0.0002779281 0.9999996573 -0.0047362667
0.9999997586 0.0001870944 0.0006691935 -0.0107202184 -0.0001868544 0.9999999182 -0.0003587156 0.0216786778 -0.0006692606 0.0003585905 0.9999997118 0.0007387228
0.9999996946 0.0001535244 0.0007662998 -0.0090197982 -0.0001532135 0.9999999060 -0.0004057345 0.0195163328 -0.0007663620 0.0004056169 0.9999996241 -0.0129551698
0.9999996937 -0.0000836802 0.0007782479 -0.0094532171 0.0000839138 0.9999999514 -0.0003002220 0.0177221593 -0.0007782227 0.0003002872 0.9999996521 -0.0083084904
0.9999996326 0.0001488179 0.0008441435 -0.0152683627 -0.0001484752 0.9999999065 -0.0004061259 0.0112923591 -0.0008442038 0.0004060004 0.9999995612 -0.0176135957
0.9999995587 -0.0002656890 0.0009011477 -0.0110895201 0.0002657872 0.9999999588 -0.0001088090 0.0148767460 -0.0009011188 0.0001090485 0.9999995880 -0.0059441642
0.9999998806 0.0000361673 0.0004872338 -0.0137557621 -0.0000360813 0.9999999838 -0.0001765815 0.0161211284 -0.0004872402 0.0001765639 0.9999998657 -0.0007589417
0.9999993858 0.0001399919 0.0010994973 -0.0132242944 -0.0001394415 0.9999998650 -0.0005006555 0.0099083116 -0.0010995672 0.0005005019 0.9999992702 -0.0146657399
0.9999996147 0.0001101012 0.0008708911 -0.0110596445 -0.0001098101 0.9999999381 -0.0003342078 0.0112266032 -0.0008709278 0.0003341121 0.9999995649 -0.0043229470
0.9999997090 0.0002049002 0.0007348141 -0.0093819474 -0.0002046338 0.9999999133 -0.0003625720 0.0200686145 -0.0007348883 0.0003624216 0.9999996643 0.0025220613
0.9999998233 0.0001546579 0.0005739502 -0.0061581423 -0.0001546012 0.9999999832 -0.0000988625 0.0209321682 -0.0005739654 0.0000987737 0.9999998304 0.0008126960
0.9999997368 0.0001053450 0.0007178178 -0.0028173159 -0.0001054540 0.9999999829 0.0001518033 0.0160456468 -0.0007178018 -0.0001518789 0.9999997308 -0.0040558052
0.9999998354 0.0000500885 0.0005715831 -0.0037499882 -0.0000500293 0.9999999934 -0.0001036877 0.0138327850 -0.0005715883 0.0001036591 0.9999998313 -0.0036473141
0.9999997270 0.0000563133 0.0007367119 -0.0016491906 -0.0000561182 0.9999999634 -0.0002648402 0.0117688742 -0.0007367268 0.0002647987 0.9999996936 -0.0000888900
0.9999997695 0.0001053637 0.0006707152 -0.0030620212 -0.0001050925 0.9999999128 -0.0004042858 0.0077341669 -0.0006707577 0.0004042152 0.9999996933 -0.0015067810
0.9999995570 0.0001726286 0.0009252829 -0.0011151653 -0.0001724714 0.9999999707 -0.0001700236 0.0090283314 -0.0009253122 0.0001698639 0.9999995575 -0.0038255824
0.9999997367 0.0000709021 0.0007222516 -0.0009834094 -0.0000708617 0.9999999959 -0.0000559919 0.0104557485 -0.0007222555 0.0000559407 0.9999997376 -0.0046397980
0.9999995918 0.0001693531 0.0008875548 0.0013844778 -0.0001690305 0.9999999197 -0.0003634413 0.0077102885 -0.0008876163 0.0003632911 0.9999995401 -0.0061570502
0.9999996189 0.0001624324 0.0008578130 0.0037342106 -0.0001622206 0.9999999563 -0.0002469830 0.0110479463 -0.0008578530 0.0002468438 0.9999996016 -0.0037337235
0.9999995217 0.0003725079 0.0009043076 0.0042629450 -0.0003720577 0.9999998068 -0.0004980002 0.0042052298 -0.0009044930 0.0004976635 0.9999994671 -0.0045583883
0.9999997227 0.0001899794 0.0007200173 0.0010967329 -0.0001898872 0.9999999738 -0.0001281367 0.0079697847 -0.0007200416 0.0001279999 0.9999997326 -0.0038548116
0.9999994367 0.0002331870 0.0010354407 0.0000915274 -0.0002329349 0.9999999432 -0.0002435535 0.0083671679 -0.0010354975 0.0002433121 0.9999994343 -0.0050167975
0.9999995624 0.0000911066 0.0009310743 0.0021752326 -0.0000908636 0.9999999618 -0.0002609866 0.0062768335 -0.0009310981 0.0002609019 0.9999995325 -0.0079916060
0.9999998804 0.0003589462 0.0003322976 -0.0033520927 -0.0003589114 0.9999999301 -0.0001046415 0.0110073481 -0.0003323351 0.0001045222 0.9999999393 -0.0067115870
0.9999997016 0.0001780083 0.0007517104 0.0014880809 -0.0001777533 0.9999999267 -0.0003392284 0.0080412692 -0.0007517707 0.0003390947 0.9999996599 -0.0044627963
0.9999994039 0.0001693134 0.0010786889 0.0019045794 -0.0001689595 0.9999999319 -0.0003282426 0.0077490176 -0.0010787444 0.0003280602 0.9999993643 -0.0044476792
0.9999992708 0.0003436633 0.0011577207 0.0040640299 -0.0003430488 0.9999998002 -0.0005309685 0.0047866740 -0.0011579030 0.0005305710 0.9999991889 -0.0027311534
0.9999991839 0.0002625491 0.0012503397 0.0081589594 -0.0002623091 0.9999999472 -0.0001920756 0.0081009579 -0.0012503901 0.0001917475 0.9999991999 -0.0047192108
0.9999997236 0.0000894947 0.0007381665 0.0019227720 -0.0000893718 0.9999999821 -0.0001664861 0.0094096239 -0.0007381814 0.0001664201 0.9999997137 -0.0075197538
0.9999996720 0.0000200135 0.0008097032 -0.0002247936 -0.0000198132 0.9999999692 -0.0002474589 0.0083373304 -0.0008097081 0.0002474428 0.9999996416 0.0011793309
0.9999995479 0.0004575596 0.0008335197 -0.0004408611 -0.0004570638 0.9999997186 -0.0005948874 0.0067146394 -0.0008337917 0.0005945062 0.9999994757 -0.0024848453
0.9999996727 0.0003946832 0.0007063171 0.0018030302 -0.0003945085 0.9999998915 -0.0002475203 0.0039124906 -0.0007064148 0.0002472416 0.9999997199 -0.0031713775
0.9999996948 0.0002035903 0.0007543003 0.0028423349 -0.0002032904 0.9999999003 -0.0003976232 0.0061750961 -0.0007543811 0.0003974698 0.9999996365 -0.0052074063
0.9999996800 0.0000685726 0.0007970368 -0.0017440316 -0.0000684206 0.9999999795 -0.0001906793 0.0082073904 -0.0007970499 0.0001906247 0.9999996642 -0.0025021180
0.9999998210 0.0000095965 0.0005982625 -0.0002978354 -0.0000094939 0.9999999852 -0.0001715809 0.0118745063 -0.0005982641 0.0001715752 0.9999998063 -0.0034451082
0.9999997243 0.0002298132 0.0007060786 0.0006615941 -0.0002296154 0.9999999344 -0.0002802113 0.0064359861 -0.0007061430 0.0002800491 0.9999997115 -0.0031523014
0.9999997121 0.0000601995 0.0007564383 0.0018521623 -0.0000599771 0.9999999550 -0.0002939258 0.0066679285 -0.0007564560 0.0002938804 0.9999996707 -0.0039073124
0.9999992911 0.0001466422 0.0011816221 0.0062262921 -0.0001462515 0.9999999346 -0.0003307276 0.0083728601 -0.0011816705 0.0003305546 0.9999992472 -0.0008222940
0.9999996355 0.0003472946 0.0007799944 0.0033295533 -0.0003466263 0.9999995730 -0.0008566988 -0.0010771062 -0.0007802916 0.0008564281 0.9999993288 0.0008522018
0.9999990285 0.0004373350 0.0013235508 0.0078145579 -0.0004368735 0.9999998437 -0.0003489201 0.0070804832 -0.0013237032 0.0003483416 0.9999990632 -0.0034683909
0.9999995464 0.0003941878 0.0008670956 0.0026498294 -0.0003938227 0.9999998337 -0.0004212985 0.0056736984 -0.0008672615 0.0004209569 0.9999995353 -0.0061899973
0.9999995168 0.0002973410 0.0009370556 -0.0014515896 -0.0002971358 0.9999999319 -0.0002190957 0.0051058912 -0.0009371207 0.0002188172 0.9999995370 -0.0012060374
0.9999997393 0.0002067751 0.0006918351 0.0001127728 -0.0002065691 0.9999999343 -0.0002978431 0.0076605634 -0.0006918967 0.0002977001 0.9999997163 -0.0031683778
0.9999993747 0.0003081345 0.0010750062 0.0006709051 -0.0003078841 0.9999999254 -0.0002331165 0.0051846349 -0.0010750780 0.0002327854 0.9999993950 -0.0013600057
0.9999993129 0.0004390486 0.0010869080 0.0036786686 -0.0004387513 0.9999998663 -0.0002737473 0.0038993116 -0.0010870280 0.0002732703 0.9999993718 -0.0052591896
0.9999996337 0.0002052653 0.0008309593 0.0020370350 -0.0002049345 0.9999998998 -0.0003980966 0.0038037051 -0.0008310409 0.0003979261 0.9999995755 -0.0032825718
0.9999994970 0.0002657191 0.0009671155 -0.0001433906 -0.0002652233 0.9999998334 -0.0005126906 0.0004963971 -0.0009672516 0.0005124339 0.9999994009 -0.0065383490
0.9999995552 0.0002988692 0.0008945328 -0.0001095949 -0.0002985310 0.9999998839 -0.0003781680 0.0049442453 -0.0008946458 0.0003779008 0.9999995284 0.0001512171
0.9999995247 0.0001765368 0.0009588902 0.0013579379 -0.0001760491 0.9999998552 -0.0005086139 0.0024546215 -0.0009589798 0.0005084449 0.9999994109 -0.0047419561
0.9999997413 0.0002488523 0.0006748637 -0.0002855238 -0.0002486432 0.9999999211 -0.0003099095 0.0080469410 -0.0006749408 0.0003097416 0.9999997243 -0.0046668388
0.9999997021 0.0000922315 0.0007663935 -0.0015763048 -0.0000920692 0.9999999733 -0.0002118560 0.0091746725 -0.0007664131 0.0002117854 0.9999996839 -0.0070721203
0.9999993687 0.0002379602 0.0010981620 -0.0008393569 -0.0002376234 0.9999999247 -0.0003068336 0.0066997836 -0.0010982350 0.0003065725 0.9999993499 -0.0040913324
0.9999997129 0.0001408004 0.0007445140 -0.0017654712 -0.0001406284 0.9999999634 -0.0002309701 0.0106335187 -0.0007445465 0.0002308653 0.9999996962 -0.0012660996
0.9999992308 0.0002649060 0.0012116760 0.0016026932 -0.0002646100 0.9999999351 -0.0002444506 0.0031238228 -0.0012117406 0.0002441298 0.9999992360 -0.0032716825
0.9999996907 0.0000871967 0.0007816627 -0.0002692050 -0.0000868775 0.9999999128 -0.0004083810 0.0074354649 -0.0007816982 0.0004083129 0.9999996111 -0.0036945955
0.9999996355 0.0001122841 0.0008464346 -0.0031725409 -0.0001121260 0.9999999763 -0.0001868709 0.0105501744 -0.0008464555 0.0001867760 0.9999996243 -0.0015117786
0.9999995815 0.0001424352 0.0009037756 0.0012339866 -0.0001421547 0.9999999417 -0.0003103925 0.0070893340 -0.0009038198 0.0003102639 0.9999995434 -0.0010359913
0.9999995864 0.0002715005 0.0008680277 0.0002982788 -0.0002713199 0.9999999415 -0.0002081073 0.0094899295 -0.0008680841 0.0002078718 0.9999996016 -0.0009923660
0.9999992195 0.0000723745 0.0012473364 0.0041911938 -0.0000718282 0.9999999015 -0.0004379843 0.0073488975 -0.0012473680 0.0004378943 0.9999991262 -0.0004270531
0.9999997815 -0.0001126660 0.0006514022 0.0003673751 0.0001129152 0.9999999205 -0.0003824932 0.0083384904 -0.0006513591 0.0003825666 0.9999997147 -0.0059355889
0.9999996454 0.0001141177 0.0008343173 -0.0008688121 -0.0001138033 0.9999999225 -0.0003768781 0.0038827745 -0.0008343603 0.0003767830 0.9999995809 -0.0077582949
0.9999995752 0.0003701826 0.0008441719 0.0051782046 -0.0003696770 0.9999997523 -0.0005989224 0.0003558867 -0.0008443934 0.0005986101 0.9999994643 -0.0045438959
0.9999993568 0.0003193404 0.0010883057 0.0035004119 -0.0003185525 0.9999996871 -0.0007241162 -0.0002616888 -0.0010885366 0.0007237690 0.9999991456 -0.0032529336
0.9999995471 0.0002391996 0.0009212195 0.0041627654 -0.0002387067 0.9999998284 -0.0005350372 0.0032842778 -0.0009213473 0.0005348171 0.9999994325 -0.0014120847
0.9999995539 0.0003268551 0.0008861631 0.0000085302 -0.0003262472 0.9999997115 -0.0006860394 0.0017838068 -0.0008863871 0.0006857500 0.9999993720 -0.0033362784
0.9999992826 0.0000822541 0.0011949868 0.0030973529 -0.0000813434 0.9999997063 -0.0007621039 -0.0005886656 -0.0011950491 0.0007620061 0.9999989956 -0.0009147071
0.9999995871 0.0004260160 0.0008026786 -0.0010989585 -0.0004255404 0.9999997339 -0.0005926137 0.0029111976 -0.0008029309 0.0005922719 0.9999995023 0.0007275813
0.9999992678 0.0003905053 0.0011453840 0.0039626110 -0.0003896966 0.9999996747 -0.0007061643 0.0013354520 -0.0011456594 0.0007057175 0.9999990947 -0.0004735497
0.9999995193 0.0003668743 0.0009092986 0.0018104883 -0.0003662759 0.9999997163 -0.0006581834 0.0030444917 -0.0009095399 0.0006578500 0.9999993700 0.0002233589
0.9999994210 0.0001681161 0.0010628517 -0.0015862229 -0.0001674207 0.9999997719 -0.0006543349 0.0010392515 -0.0010629614 0.0006541565 0.9999992211 0.0000387056
0.9999993177 0.0001863086 0.0011532422 0.0005929034 -0.0001857157 0.9999998505 -0.0005142574 0.0005058011 -0.0011533379 0.0005140428 0.9999992028 0.0001111801
0.9999994406 0.0000748507 0.0010550855 0.0029265064 -0.0000743715 0.9999998941 -0.0004542239 0.0059534854 -0.0010551194 0.0004541452 0.9999993402 -0.0017200388
0.9999993832 0.0001553592 0.0010997109 0.0011562296 -0.0001547915 0.9999998547 -0.0005162756 0.0056527984 -0.0010997909 0.0005161050 0.9999992620 -0.0024203624
0.9999994713 0.0001095581 0.0010224562 0.0037898883 -0.0001090790 0.9999998842 -0.0004686558 0.0047781389 -0.0010225075 0.0004685440 0.9999993675 -0.0006646505
0.9999993797 0.0001043002 0.0011089637 0.0036259608 -0.0001035412 0.9999997604 -0.0006844147 0.0014238753 -0.0011090348 0.0006842994 0.9999991509 0.0000192548
0.9999994033 0.0000797547 0.0010894985 0.0038594341 -0.0000784437 0.9999992729 -0.0012033132 -0.0077873471 -0.0010895937 0.0012032270 0.9999986825 0.0014640774
0.9999997212 0.0002122328 0.0007159214 -0.0012705038 -0.0002117978 0.9999997929 -0.0006076625 0.0020729491 -0.0007160503 0.0006075107 0.9999995591 0.0013481420
0.9999996527 0.0000497713 0.0008318812 -0.0002026523 -0.0000490869 0.9999996603 -0.0008227994 -0.0002370130 -0.0008319218 0.0008227583 0.9999993155 0.0010423740
0.9999996014 0.0000837814 0.0008888737 -0.0012817822 -0.0000831704 0.9999997602 -0.0006874600 -0.0017947646 -0.0008889310 0.0006873858 0.9999993687 0.0005726754
0.9999994936 0.0000474457 0.0010052604 0.0026673544 -0.0000469515 0.9999998780 -0.0004916801 -0.0017035432 -0.0010052836 0.0004916327 0.9999993739 -0.0026935664
0.9999998100 -0.0001341391 0.0006016921 -0.0034244468 0.0001345325 0.9999997772 -0.0006537612 0.0003694531 -0.0006016042 0.0006538420 0.9999996053 -0.0018461679
0.9999996872 -0.0002413951 0.0007532106 -0.0036023108 0.0002417938 0.9999998307 -0.0005292068 -0.0033319915 -0.0007530827 0.0005293888 0.9999995763 -0.0013597733
0.9999997426 -0.0000645175 0.0007145715 -0.0025035634 0.0000647806 0.9999999301 -0.0003682560 -0.0012635282 -0.0007145477 0.0003683022 0.9999996769 -0.0079965670
0.9999995998 0.0000437582 0.0008935935 -0.0014856437 -0.0000433965 0.9999999171 -0.0004047609 -0.0013204334 -0.0008936111 0.0004047219 0.9999995188 -0.0042153001
0.9999995541 -0.0000381160 0.0009436071 0.0011116063 0.0000386175 0.9999998580 -0.0005315302 0.0022499554 -0.0009435867 0.0005315664 0.9999994135 -0.0041037740
0.9999993293 -0.0000719694 0.0011559915 -0.0015586560 0.0000723231 0.9999999506 -0.0003058850 0.0012800211 -0.0011559694 0.0003059684 0.9999992851 -0.0026645630
0.9999996615 -0.0000454426 0.0008215620 -0.0022437706 0.0000459509 0.9999998075 -0.0006187937 0.0017704517 -0.0008215338 0.0006188312 0.9999994711 -0.0075789193
0.9999994787 0.0000758508 0.0010182345 -0.0017100219 -0.0000757793 0.9999999947 -0.0000702382 0.0049572653 -0.0010182398 0.0000701610 0.9999994791 -0.0035095214
0.9999997805 -0.0001415836 0.0006472086 -0.0017304063 0.0001416026 0.9999999895 -0.0000293091 0.0081023278 -0.0006472044 0.0000294007 0.9999997901 -0.0082358875
0.9999994980 0.0001707507 0.0009873248 -0.0035672547 -0.0001701913 0.9999998250 -0.0005665676 0.0026066098 -0.0009874213 0.0005663993 0.9999993521 -0.0038653459
0.9999992612 -0.0000211571 0.0012154198 0.0011335020 0.0000218711 0.9999998272 -0.0005874229 0.0036512513 -0.0012154072 0.0005874491 0.9999990888 0.0010310218
0.9999997431 -0.0000219940 0.0007164431 -0.0041531124 0.0000224395 0.9999998065 -0.0006217407 0.0019925539 -0.0007164293 0.0006217567 0.9999995501 -0.0030455829
0.9999994779 -0.0001498942 0.0010108477 -0.0029119255 0.0001501505 0.9999999566 -0.0002535006 0.0046395296 -0.0010108096 0.0002536522 0.9999994570 -0.0018346814
0.9999997611 -0.0000397795 0.0006900981 -0.0026829580 0.0000399346 0.9999999739 -0.0002247644 0.0055192798 -0.0006900891 0.0002247919 0.9999997366 -0.0089976056
0.9999996004 -0.0001355770 0.0008836784 -0.0030313881 0.0001357747 0.9999999658 -0.0002236931 0.0005009621 -0.0008836480 0.0002238130 0.9999995845 -0.0044296452
0.9999996608 -0.0001490376 0.0008100024 -0.0061866633 0.0001493537 0.9999999127 -0.0003901969 0.0045317901 -0.0008099441 0.0003903178 0.9999995958 -0.0062864008
0.9999994101 -0.0002529904 0.0010562749 -0.0070543964 0.0002532041 0.9999999475 -0.0002021836 0.0022434207 -0.0010562237 0.0002024509 0.9999994217 -0.0013307265
0.9999995688 -0.0001852132 0.0009100419 -0.0065568723 0.0001856747 0.9999998542 -0.0005070799 -0.0008029673 -0.0009099479 0.0005072487 0.9999994573 -0.0054461725
0.9999994635 0.0000582771 0.0010342540 -0.0025978768 -0.0000581386 0.9999999893 -0.0001339019 0.0079623382 -0.0010342618 0.0001338417 0.9999994562 0.0003040651
0.9999995995 -0.0001852551 0.0008755572 -0.0048152495 0.0001856514 0.9999998804 -0.0004525478 0.0038957518 -0.0008754733 0.0004527101 0.9999995143 -0.0013813118
0.9999997311 -0.0001042721 0.0007258288 -0.0074095975 0.0001044156 0.9999999750 -0.0001977233 0.0003059293 -0.0007258081 0.0001977990 0.9999997170 -0.0052027852
0.9999997698 -0.0000812752 0.0006736919 -0.0061464025 0.0000813933 0.9999999813 -0.0001753556 0.0041298768 -0.0006736777 0.0001754104 0.9999997577 -0.0072706987
0.9999995515 -0.0000047000 0.0009471346 -0.0048396940 0.0000051695 0.9999998771 -0.0004957530 -0.0009980799 -0.0009471321 0.0004957577 0.9999994286 -0.0017797778
0.9999997259 0.0001015879 0.0007333517 -0.0053248257 -0.0001012717 0.9999999019 -0.0004311984 -0.0004807719 -0.0007333954 0.0004311240 0.9999996381 -0.0058282699
0.9999994397 0.0000539603 0.0010572110 -0.0063330544 -0.0000533217 0.9999998161 -0.0006040856 0.0000365436 -0.0010572434 0.0006040289 0.9999992587 -0.0033551814
0.9999995411 0.0000170335 0.0009578987 -0.0010128116 -0.0000162291 0.9999996473 -0.0008397826 -0.0042332758 -0.0009579127 0.0008397667 0.9999991886 0.0004043599
0.9999996195 0.0000347877 0.0008717013 -0.0057908608 -0.0000341339 0.9999997182 -0.0007500227 -0.0004857933 -0.0008717272 0.0007499927 0.9999993388 -0.0001821468
0.9999993710 -0.0001137555 0.0011158171 -0.0034100437 0.0001142251 0.9999999049 -0.0004208298 -0.0013724413 -0.0011157691 0.0004209570 0.9999992889 -0.0022824462
0.9999995538 0.0000507569 0.0009433343 -0.0018220451 -0.0000503773 0.9999999178 -0.0004024076 0.0030097541 -0.0009433547 0.0004023599 0.9999994741 -0.0034599819
0.9999993378 0.0000771629 0.0011482594 -0.0005189009 -0.0000765293 0.9999998448 -0.0005518080 0.0002236712 -0.0011483018 0.0005517197 0.9999991885 -0.0010981593
0.9999999157 -0.0001885686 0.0003646477 -0.0097238841 0.0001887390 0.9999998731 -0.0004671796 0.0040070230 -0.0003645596 0.0004672484 0.9999998244 0.0002392943
0.9999993814 -0.0000713736 0.0011099675 -0.0047459843 0.0000718764 0.9999998948 -0.0004530149 0.0014462586 -0.0011099351 0.0004530944 0.9999992814 0.0004227789
0.9999997906 -0.0000219757 0.0006467825 -0.0031076322 0.0000221658 0.9999999566 -0.0002939052 0.0043763961 -0.0006467760 0.0002939194 0.9999997476 -0.0039838829
0.9999998371 0.0001886725 0.0005386896 -0.0057668806 -0.0001884487 0.9999998959 -0.0004154622 0.0019789661 -0.0005387680 0.0004153607 0.9999997686 -0.0033186446
0.9999998142 -0.0000486933 0.0006077086 -0.0088092748 0.0000489897 0.9999998799 -0.0004876869 0.0056783435 -0.0006076847 0.0004877166 0.9999996964 0.0044560107
0.9999997167 -0.0000589152 0.0007504023 -0.0032784490 0.0000591127 0.9999999636 -0.0002631346 0.0038801121 -0.0007503868 0.0002631789 0.9999996838 -0.0030465684
0.9999998183 -0.0000834156 0.0005970088 -0.0028121786 0.0000835358 0.9999999762 -0.0002013784 0.0059539553 -0.0005969920 0.0002014283 0.9999998015 -0.0025419574
0.9999996592 0.0001048361 0.0008189432 -0.0007572454 -0.0001045520 0.9999999344 -0.0003469186 0.0070519639 -0.0008189796 0.0003468329 0.9999996045 -0.0010520130
0.9999997359 -0.0000539924 0.0007247387 -0.0018210696 0.0000541794 0.9999999652 -0.0002580858 0.0039206301 -0.0007247248 0.0002581250 0.9999997041 -0.0004904416
0.9999999048 -0.0002219674 0.0003755569 -0.0063640878 0.0002220985 0.9999999144 -0.0003490175 0.0041908932 -0.0003754794 0.0003491009 0.9999998686 -0.0016362409
0.9999998743 -0.0000515343 0.0004987963 -0.0063128952 0.0000516088 0.9999999875 -0.0001492320 0.0030601478 -0.0004987886 0.0001492578 0.9999998645 -0.0019892568
0.9999996023 -0.0000619714 0.0008896501 -0.0050389627 0.0000625438 0.9999997911 -0.0006433556 -0.0007128508 -0.0008896101 0.0006434110 0.9999993973 -0.0006180604
0.9999998080 -0.0000995269 0.0006117055 -0.0025544911 0.0000998175 0.9999998822 -0.0004750847 0.0046710214 -0.0006116581 0.0004751456 0.9999997001 0.0009960525
0.9999997396 0.0000814219 0.0007170105 -0.0070171283 -0.0000810450 0.9999998586 -0.0005256529 0.0039977525 -0.0007170532 0.0005255947 0.9999996048 0.0044978501
0.9999996572 -0.0002416115 0.0007919370 -0.0048605612 0.0002421582 0.9999997324 -0.0006903376 0.0030562348 -0.0007917700 0.0006905291 0.9999994481 0.0021660341
0.9999997822 0.0001185886 0.0006492328 -0.0033154070 -0.0001184069 0.9999999538 -0.0002798422 0.0068032555 -0.0006492660 0.0002797652 0.9999997501 0.0040501944
0.9999997987 -0.0000579158 0.0006317998 -0.0033066624 0.0000584739 0.9999996081 -0.0008834429 -0.0003382285 -0.0006317484 0.0008834797 0.9999994102 0.0032879090
0.9999997254 -0.0001529312 0.0007251257 -0.0042499986 0.0001535639 0.9999996075 -0.0008726103 0.0001755622 -0.0007249920 0.0008727214 0.9999993564 0.0066469037
0.9999997850 -0.0000103521 0.0006556581 -0.0073436489 0.0000108196 0.9999997457 -0.0007130148 0.0020655073 -0.0006556506 0.0007130217 0.9999995309 0.0005283071
0.9999996662 -0.0001729371 0.0007985267 -0.0021742155 0.0001733054 0.9999998786 -0.0004612045 0.0054937407 -0.0007984468 0.0004613428 0.9999995748 0.0017282005
0.9999998416 0.0000409682 0.0005613939 -0.0053420528 -0.0000405790 0.9999997589 -0.0006931510 -0.0009612733 -0.0005614222 0.0006931281 0.9999996022 0.0011982423
0.9999995840 -0.0000097136 0.0009121275 -0.0006394028 0.0000104999 0.9999996285 -0.0008619494 0.0001741979 -0.0009121188 0.0008619586 0.9999992125 0.0040223188
0.9999998362 -0.0001144929 0.0005608243 -0.0072875952 0.0001148159 0.9999998276 -0.0005758718 0.0075042915 -0.0005607583 0.0005759361 0.9999996769 0.0042751842
0.9999999720 -0.0001172797 0.0002057655 -0.0056587879 0.0001173732 0.9999998900 -0.0004541897 0.0073732958 -0.0002057122 0.0004542139 0.9999998757 0.0005382657
0.9999997986 -0.0000120764 0.0006344962 -0.0054742322 0.0000122699 0.9999999534 -0.0003049234 0.0065209552 -0.0006344924 0.0003049311 0.9999997522 -0.0005621392
0.9999996496 0.0000915110 0.0008321611 -0.0015042014 -0.0000909834 0.9999997949 -0.0006340048 0.0032329680 -0.0008322189 0.0006339289 0.9999994528 0.0030923809
0.9999996270 -0.0000063475 0.0008636563 0.0003102589 0.0000069202 0.9999997801 -0.0006631219 0.0014384354 -0.0008636519 0.0006631277 0.9999994072 -0.0010288349
0.9999996028 0.0000659852 0.0008887901 0.0000057436 -0.0000653221 0.9999997196 -0.0007460277 0.0029851163 -0.0008888390 0.0007459693 0.9999993267 0.0034418551
0.9999997109 0.0000747256 0.0007567733 -0.0010144525 -0.0000742547 0.9999998037 -0.0006221855 0.0080233419 -0.0007568196 0.0006221291 0.9999995201 0.0026996202
0.9999998621 0.0001669548 0.0004978940 -0.0040497511 -0.0001666539 0.9999998035 -0.0006042945 0.0027483948 -0.0004979948 0.0006042115 0.9999996935 -0.0005045720
0.9999997514 -0.0002019561 0.0006755241 -0.0039225616 0.0002023726 0.9999997894 -0.0006165840 0.0024917328 -0.0006753995 0.0006167205 0.9999995817 0.0002752434
0.9999996844 0.0000238395 0.0007940891 -0.0034394340 -0.0000231397 0.9999996114 -0.0008813337 -0.0022435036 -0.0007941098 0.0008813151 0.9999992963 -0.0004928865
0.9999996609 -0.0000015621 0.0008235105 -0.0001145288 0.0000021163 0.9999997735 -0.0006730235 0.0057465232 -0.0008235093 0.0006730250 0.9999994344 -0.0011599802
0.9999999353 -0.0002554917 0.0002530821 -0.0089315903 0.0002556665 0.9999997288 -0.0006906180 0.0044820625 -0.0002529056 0.0006906826 0.9999997295 -0.0054978595
0.9999993461 -0.0006062310 0.0009696739 -0.0083757052 0.0006065773 0.9999997523 -0.0003568966 0.0023197128 -0.0009694573 0.0003574845 0.9999994662 -0.0013195516
0.9999990553 0.0013573589 0.0002167264 -0.0137464025 -0.0013571250 0.9999985004 -0.0010758700 -0.0002553193 -0.0002181865 0.0010755749 0.9999993978 -0.0019348359
0.9999991096 -0.0001134574 0.0013296645 0.0174386782 0.0001141862 0.9999998433 -0.0005480640 0.0046699563 -0.0013296021 0.0005482153 0.9999989658 -0.0022553918
0.9999993739 -0.0009868552 0.0005276329 -0.0055265693 0.0009871790 0.9999993244 -0.0006136786 0.0000377886 -0.0005270269 0.0006141991 0.9999996725 -0.0045186729
0.9999996546 0.0005690034 0.0006057677 -0.0081639967 -0.0005686248 0.9999996430 -0.0006250873 0.0026439746 -0.0006061232 0.0006247426 0.9999996212 0.0007585689
0.9999994033 0.0009593791 0.0005225514 0.0053537613 -0.0009590362 0.9999993249 -0.0006560941 0.0036155160 -0.0005231805 0.0006555926 0.9999996482 -0.0042909477
0.9999994402 -0.0006466105 0.0008375999 0.0030718439 0.0006468245 0.9999997582 -0.0002552705 0.0038268793 -0.0008374346 0.0002558121 0.9999996166 -0.0033122593
0.9999999704 -0.0000675549 0.0002337479 -0.0196152287 0.0000677081 0.9999997829 -0.0006554863 -0.0030804634 -0.0002337036 0.0006555021 0.9999997578 -0.0001359934
0.9999994097 0.0006664476 0.0008581230 -0.0056971655 -0.0006657848 0.9999994800 -0.0007724352 0.0021732791 -0.0008586373 0.0007718634 0.9999993335 -0.0010860487
0.9999986747 0.0000732572 0.0016264251 0.0134957908 -0.0000726670 0.9999999315 -0.0003629809 0.0040136652 -0.0016264516 0.0003628623 0.9999986115 -0.0010009536
0.9999993183 -0.0000670994 0.0011657293 -0.0071435462 0.0000676697 0.9999998781 -0.0004891642 0.0052230194 -0.0011656963 0.0004892428 0.9999992009 -0.0135355979
0.9999986737 0.0007876631 0.0014255459 -0.0052919884 -0.0007866554 0.9999994404 -0.0007073158 -0.0001400802 -0.0014261022 0.0007061935 0.9999987338 -0.0141614165
0.9999982264 0.0004143033 0.0018372841 0.0004068768 -0.0004136999 0.9999998604 -0.0003288138 0.0127371004 -0.0018374200 0.0003280532 0.9999982581 -0.0108856508
0.9999983022 0.0002297346 0.0018283138 -0.0044385630 -0.0002286408 0.9999997948 -0.0005984234 0.0056672358 -0.0018284509 0.0005980044 0.9999981496 -0.0145794151
0.9999970678 0.0006959625 0.0023194795 -0.0037395427 -0.0006941843 0.9999994647 -0.0007673252 -0.0035400950 -0.0023200123 0.0007657128 0.9999970156 -0.0225130227
0.9999966802 0.0013931806 0.0021676296 -0.0046301911 -0.0013910337 0.9999985408 -0.0009916288 0.0004845109 -0.0021690080 0.0009886103 0.9999971590 -0.0179088713
0.9999979707 0.0008015803 0.0018482433 0.0007026445 -0.0007995499 0.9999990764 -0.0010990146 0.0042730147 -0.0018491225 0.0010975346 0.9999976881 -0.0123556295
0.9999989440 -0.0003262512 0.0014161502 -0.0010858728 0.0003278420 0.9999993154 -0.0011232638 0.0003335581 -0.0014157828 0.0011237269 0.9999983664 -0.0123541370
0.9999998440 -0.0005314941 0.0001716206 -0.0106717266 0.0005316558 0.9999994133 -0.0009437596 0.0000969676 -0.0001711189 0.0009438507 0.9999995399 -0.0116389411
0.9999998224 -0.0004418590 -0.0004000620 -0.0017323272 0.0004417059 0.9999998293 -0.0003825157 0.0068446282 0.0004002309 0.0003823390 0.9999998468 0.0049905474
0.9999993751 0.0000154795 0.0011178439 0.0049783752 -0.0000141751 0.9999993191 -0.0011668707 0.0020797563 -0.0011178612 0.0011668541 0.9999986944 -0.0155856760
0.9999979821 0.0000766875 0.0020074588 0.0023854788 -0.0000751207 0.9999996926 -0.0007805228 0.0028331290 -0.0020075180 0.0007803704 0.9999976804 -0.0134432484
0.9999944967 0.0008719545 0.0032009896 -0.0115446218 -0.0008670517 0.9999984495 -0.0015327199 -0.0053224502 -0.0032023211 0.0015299360 0.9999937022 -0.0256372144
0.9999922450 0.0020838193 0.0033417892 -0.0169773955 -0.0020788131 0.9999967130 -0.0015008421 -0.0045351347 -0.0033449057 0.0014938835 0.9999932899 -0.0282409896
0.9999878780 0.0024335660 0.0042803723 0.0003478981 -0.0024269977 0.9999958705 -0.0015390566 -0.0036229271 -0.0042841000 0.0015286495 0.9999896548 -0.0313319189
0.9999914998 0.0024554934 0.0033122305 0.0044185194 -0.0024499293 0.9999955828 -0.0016828938 -0.0055988974 -0.0033163482 0.0016747648 0.9999930985 -0.0229403677
0.9999993894 0.0008772721 0.0006720224 0.0038633539 -0.0008764466 0.9999988623 -0.0012277179 0.0010342052 -0.0006730987 0.0012271281 0.9999990205 -0.0075306280
0.9999994796 -0.0003959946 -0.0009402025 0.0072395258 0.0003958450 0.9999999090 -0.0001592913 0.0071724541 0.0009402655 0.0001589190 0.9999995453 0.0095857860
0.9999996328 -0.0005460803 -0.0006604877 0.0133758509 0.0005458113 0.9999997680 -0.0004074726 0.0075155245 0.0006607100 0.0004071119 0.9999996989 -0.0009081458
0.9999997785 -0.0005650163 0.0003519043 0.0176253001 0.0005651198 0.9999997971 -0.0002939065 0.0085407792 -0.0003517382 0.0002941053 0.9999998949 -0.0019257811
0.9999968082 -0.0015225695 0.0020162937 0.0054430241 0.0015281736 0.9999949659 -0.0027807900 -0.0188698520 -0.0020120496 0.0027838624 0.9999941009 -0.0349987076
0.9999809512 -0.0042099692 0.0045136977 -0.0009295140 0.0042273609 0.9999836514 -0.0038505098 -0.0087516285 -0.0044974133 0.0038695174 0.9999823999 -0.0427593549
0.9999777492 -0.0050947592 0.0043063412 -0.0145952574 0.0051104545 0.9999803109 -0.0036415833 0.0177478684 -0.0042877034 0.0036635096 0.9999840970 -0.0567426064
0.9999778300 -0.0051619761 0.0042063595 -0.0008178852 0.0051778380 0.9999794929 -0.0037687894 0.0325274544 -0.0041868188 0.0037904857 0.9999840513 -0.0748139261
0.9999824436 -0.0051454383 0.0029388635 -0.0086086460 0.0051582434 0.9999771635 -0.0043663394 0.0471345408 -0.0029163297 0.0043814221 0.9999861490 -0.0953507340
0.9999764267 -0.0064104753 0.0024600318 0.0043054548 0.0064218868 0.9999685250 -0.0046592199 0.0481230291 -0.0024300865 0.0046749081 0.9999861199 -0.0984011627
0.9999732256 -0.0072951813 -0.0005731474 0.0029127465 0.0072925263 0.9999632601 -0.0045052817 0.0754103970 0.0006059932 0.0045009814 0.9999896869 -0.1408752433
0.9999787425 -0.0064949357 -0.0005748534 0.0263389734 0.0064916304 0.9999633816 -0.0055762227 0.0856322190 0.0006110496 0.0055723724 0.9999842875 -0.1550501721
0.9999750322 -0.0070569862 -0.0003658366 0.0446291746 0.0070545768 0.9999558024 -0.0062150024 0.0862883682 0.0004096796 0.0062122664 0.9999806198 -0.1699951266
0.9999764514 -0.0068600373 -0.0001910191 0.0362631211 0.0068586586 0.9999555669 -0.0064670768 0.0937793538 0.0002353750 0.0064656144 0.9999790700 -0.1668285455
0.9999732457 -0.0073146284 0.0000641803 0.0205108993 0.0073148927 0.9999514368 -0.0066042769 0.1145380827 -0.0000158694 0.0066045697 0.9999781895 -0.1736181176
0.9999735146 -0.0072435198 0.0007082279 -0.0055248491 0.0072463549 0.9999653969 -0.0040860010 0.1144542797 -0.0006786063 0.0040910248 0.9999914015 -0.2012442177
0.9999708313 -0.0076157148 0.0005809400 -0.0054920949 0.0076176631 0.9999651075 -0.0034285421 0.1531657332 -0.0005548089 0.0034328675 0.9999939538 -0.2146393524
0.9999659413 -0.0082388164 0.0004879929 -0.0235671239 0.0082401593 0.9999620817 -0.0028169080 0.1903979879 -0.0004647665 0.0028208332 0.9999959134 -0.2286079933
0.9999736641 -0.0072131077 0.0008013244 -0.0034539160 0.0072155850 0.9999690599 -0.0031328091 0.1943826256 -0.0007787023 0.0031385086 0.9999947717 -0.2363553972
0.9999677140 -0.0080345745 -0.0001285979 0.0297595091 0.0080339114 0.9999575166 -0.0045189870 0.2106708738 0.0001649006 0.0045178079 0.9999897811 -0.2573747195
0.9999759240 -0.0069375171 0.0001490754 0.0307133750 0.0069382145 0.9999616607 -0.0053421285 0.2120937950 -0.0001120086 0.0053430342 0.9999857196 -0.2710322539
0.9999768978 -0.0067969065 0.0000767755 0.0738191786 0.0067972193 0.9999626697 -0.0053345189 0.2588077950 -0.0000405144 0.0053349176 0.9999857684 -0.2810896368
0.9999786871 -0.0065110776 0.0004809291 0.0680111148 0.0065136108 0.9999638357 -0.0054680984 0.2693197434 -0.0004453085 0.0054711145 0.9999849342 -0.3000803166
0.9999742217 -0.0071762469 0.0002398143 0.0861876432 0.0071772702 0.9999637543 -0.0045800606 0.3123395190 -0.0002069380 0.0045816638 0.9999894827 -0.3070895045
0.9999790972 -0.0064375176 0.0006029685 0.0966889965 0.0064398547 0.9999714315 -0.0039578388 0.3646268502 -0.0005774727 0.0039616391 0.9999919859 -0.3160794213
0.9999779678 -0.0066281547 0.0003626066 0.1131614910 0.0066292146 0.9999735132 -0.0030043931 0.4156374448 -0.0003426834 0.0030067307 0.9999954211 -0.3261659629
0.9999720233 -0.0074635621 0.0004978196 0.1192511671 0.0074649069 0.9999683383 -0.0027563747 0.4323217560 -0.0004772314 0.0027600138 0.9999960773 -0.3361698077
0.9999818808 -0.0060162317 0.0002072532 0.1316361151 0.0060165713 0.9999804910 -0.0016788322 0.4261348689 -0.0001971489 0.0016800488 0.9999985693 -0.3487671949
0.9999776058 -0.0066700668 -0.0005459626 0.1528679372 0.0066692031 0.9999765301 -0.0015687814 0.4728978872 0.0005564137 0.0015651052 0.9999986204 -0.3822294086
0.9999887496 -0.0046482422 -0.0009458160 0.1218213840 0.0046463857 0.9999872932 -0.0019556319 0.4419067237 0.0009548942 0.0019512152 0.9999976405 -0.4008717870
0.9999859936 0.0050576916 -0.0015596123 0.1308494123 -0.0050609947 0.9999849431 -0.0021212926 0.4731873114 0.0015488600 0.0021291561 0.9999965339 -0.4291592381
0.9997848016 0.0207261424 -0.0008817928 0.1692557660 -0.0207271212 0.9997845476 -0.0011156833 0.4628532690 0.0008584790 0.0011337202 0.9999989888 -0.4158265640
0.9992047432 0.0398198342 -0.0020644351 0.2139239300 -0.0398194003 0.9992068617 0.0002508726 0.4708478836 0.0020727874 -0.0001684685 0.9999978376 -0.4520137966
0.9982449120 0.0591642601 -0.0025857451 0.2438965745 -0.0591633994 0.9982482284 0.0004081350 0.4732704765 0.0026053624 -0.0002544372 0.9999965737 -0.4801592280
0.9969406329 0.0778703422 -0.0067516090 0.2894764726 -0.0779602908 0.9968542099 -0.0142785624 0.4784502837 0.0056184933 0.0147612364 0.9998752614 -0.8902789019
0.9948302218 0.0982712162 -0.0256046444 0.2885093117 -0.0988599341 0.9948392254 -0.0228391978 0.5121023194 0.0232280688 0.0252523977 0.9994112133 -1.3672084263
0.9925401655 0.1191259166 -0.0259429336 0.3180215874 -0.1197377627 0.9925282640 -0.0234630216 0.4958896057 0.0229540409 0.0263943402 0.9993880382 -1.4049750653
0.9901320153 0.1376348323 -0.0263675012 0.3564083597 -0.1382800936 0.9900915197 -0.0244417329 0.4474132292 0.0227422055 0.0278466428 0.9993534693 -1.4503896229
0.9869332455 0.1594564065 -0.0231608128 0.3765248407 -0.1597042034 0.9871214496 -0.0092634327 0.3963345500 0.0213854214 0.0128412688 0.9996888344 -1.6000509650
0.9838466457 0.1779298447 -0.0196659104 0.4182919026 -0.1778893062 0.9840431443 0.0038059090 0.3407091350 0.0200292891 -0.0002460757 0.9997993634 -1.8235467697
0.9801834357 0.1970936579 -0.0198625858 0.4240030139 -0.1970871749 0.9803832632 0.0023027857 0.3021892617 0.0199268111 0.0016575085 0.9998000674 -1.8613568321
0.9755577541 0.2190476667 -0.0174696355 0.4570800256 -0.2190246463 0.9757139344 0.0032438402 0.2795012370 0.0177559225 0.0006617273 0.9998421322 -1.8302736696
0.9701681785 0.2417002284 -0.0188336167 0.4948290407 -0.2417198381 0.9703452613 0.0012624361 0.2432267388 0.0185802418 0.0033276834 0.9998218347 -1.8770493888
0.9654527517 0.2598779269 -0.0190905055 0.5502625527 -0.2600223168 0.9655870946 -0.0054733447 0.1551383810 0.0170111443 0.0102482132 0.9998027781 -1.9655034454
0.9606259327 0.2769732299 -0.0219919823 0.5707530580 -0.2773009608 0.9606877337 -0.0135371892 0.1346968230 0.0173779886 0.0191025728 0.9996664930 -2.1579353412
0.9556696397 0.2934303069 -0.0243761086 0.5761900342 -0.2938803197 0.9556821549 -0.0174921813 0.0409045803 0.0181630759 0.0238804052 0.9995498131 -2.3800197303
0.9492288799 0.3131320969 -0.0302129681 0.5854899623 -0.3140563537 0.9488215948 -0.0332594046 -0.0088957700 0.0182521295 0.0410593620 0.9989899842 -2.7638313510
0.9402949712 0.3391288297 -0.0289310206 0.5987710716 -0.3400086237 0.9397878482 -0.0345389087 -0.0932562504 0.0154758819 0.0423135586 0.9989845143 -2.7811229368
