1.0000000000 -0.0000000000 -0.0000000000 -0.0000000000 0.0000000000 1.0000000000 0.0000000000 -0.0000000000 0.0000000000 -0.0000000000 1.0000000000 0.0000000000
0.9999999983 0.0000473744 0.0000336843 0.0001177067 -0.0000473701 0.9999999905 -0.0001296867 -0.0066862017 -0.0000336904 0.0001296851 0.9999999910 -0.0036094246
0.9999999548 0.0000420001 0.0002976829 0.0082885221 -0.0000419320 0.9999999730 -0.0002286856 0.0007196400 -0.0002976925 0.0002286731 0.9999999295 0.0074378049
0.9999999928 0.0000675459 0.0000996298 -0.0012976246 -0.0000675298 0.9999999845 -0.0001624496 -0.0021425430 -0.0000996407 0.0001624429 0.9999999818 -0.0006729669
0.9999997842 -0.0000101320 0.0006568724 -0.0008692839 0.0000101862 0.9999999965 -0.0000825639 -0.0065650713 -0.0006568716 0.0000825706 0.9999997809 -0.0027958408
0.9999998737 0.0001360476 0.0004837547 -0.0007255225 -0.0001359662 0.9999999766 -0.0001684132 -0.0085984888 -0.0004837776 0.0001683474 0.9999998688 -0.0113751027
0.9999998429 -0.0000396023 0.0005590803 0.0025033812 0.0000396769 0.9999999903 -0.0001334697 -0.0027436690 -0.0005590750 0.0001334918 0.9999998348 -0.0111459473
0.9999997034 0.0001059562 0.0007628710 -0.0011044355 -0.0001056687 0.9999999234 -0.0003769130 -0.0021669555 -0.0007629109 0.0003768323 0.9999996380 -0.0116389488
0.9999997802 0.0000883011 0.0006571372 -0.0024749926 -0.0000882922 0.9999999960 -0.0000134842 0.0090962247 -0.0006571384 0.0000134262 0.9999997840 -0.0014150291
0.9999998246 0.0001586812 0.0005706153 0.0005194309 -0.0001586232 0.9999999823 -0.0001016501 0.0096090051 -0.0005706314 0.0001015596 0.9999998320 -0.0109727629
0.9999998060 0.0000247688 0.0006224082 -0.0075543670 -0.0000248207 0.9999999962 0.0000832990 0.0086782558 -0.0006224061 -0.0000833145 0.9999998028 -0.0110728983
0.9999997807 0.0000048231 0.0006622145 -0.0070488358 -0.0000046783 0.9999999761 -0.0002187156 0.0060645044 -0.0006622155 0.0002187125 0.9999997568 -0.0073164918
0.9999998119 0.0001143454 0.0006026745 -0.0059189530 -0.0001141270 0.9999999278 -0.0003623583 0.0034182664 -0.0006027159 0.0003622895 0.9999997527 -0.0000513558
0.9999998235 0.0000355273 0.0005930359 -0.0037832590 -0.0000354309 0.9999999862 -0.0001624789 0.0020474041 -0.0005930417 0.0001624579 0.9999998110 -0.0133135612
0.9999998603 0.0000088776 0.0005284976 -0.0055166579 -0.0000088816 0.9999999999 0.0000076971 0.0126589982 -0.0005284975 -0.0000077018 0.9999998603 -0.0075062434
0.9999999056 0.0000344661 0.0004331321 -0.0029060208 -0.0000343077 0.9999999325 -0.0003657310 0.0096197801 -0.0004331447 0.0003657161 0.9999998393 -0.0107673813
0.9999996294 0.0002557824 0.0008220377 -0.0002733382 -0.0002556424 0.9999999528 -0.0001705018 0.0112459860 -0.0008220812 0.0001702916 0.9999996476 -0.0079929114
0.9999999394 0.0000945225 0.0003349332 -0.0008507569 -0.0000944352 0.9999999616 -0.0002604894 0.0100372411 -0.0003349578 0.0002604577 0.9999999100 -0.0075957502
0.9999998351 0.0000208947 0.0005739350 0.0048681271 -0.0000207995 0.9999999860 -0.0001659991 0.0075672178 -0.0005739385 0.0001659871 0.9999998215 -0.0061322264
0.9999998080 0.0002284857 0.0005759599 -0.0025128208 -0.0002284628 0.9999999731 -0.0000399018 0.0010568956 -0.0005759690 0.0000397702 0.9999998333 0.0023546443
0.9999998691 -0.0000449387 0.0005096611 -0.0067443751 0.0000450350 0.9999999811 -0.0001889911 -0.0085575824 -0.0005096526 0.0001890141 0.9999998523 -0.0046120782
0.9999997994 0.0000726497 0.0006291522 -0.0053142328 -0.0000724641 0.9999999539 -0.0002949617 -0.0106317724 -0.0006291736 0.0002949160 0.9999997586 -0.0089537752
0.9999997345 -0.0000502047 0.0007269807 -0.0130934944 0.0000502225 0.9999999984 -0.0000245963 -0.0076833476 -0.0007269795 0.0000246328 0.9999997354 -0.0219664151
0.9999995876 0.0000109527 0.0009081356 -0.0121891657 -0.0000109613 0.9999999999 0.0000093606 -0.0030510984 -0.0009081355 -0.0000093706 0.9999995876 -0.0202542857
0.9999997847 -0.0000088776 0.0006560818 -0.0117252953 0.0000089871 0.9999999860 -0.0001670375 -0.0041536045 -0.0006560803 0.0001670434 0.9999997708 -0.0186063670
0.9999997465 0.0000386898 0.0007109214 -0.0096721073 -0.0000386822 0.9999999992 -0.0000107492 -0.0054438004 -0.0007109218 0.0000107217 0.9999997472 -0.0157350123
0.9999996765 0.0001278133 0.0007941742 -0.0109514437 -0.0001276248 0.9999999637 -0.0002373554 -0.0063096420 -0.0007942046 0.0002372540 0.9999996565 -0.0164088538
0.9999997334 -0.0000564508 0.0007280471 -0.0121541891 0.0000566010 0.9999999771 -0.0002064066 -0.0025148163 -0.0007280355 0.0002064477 0.9999997137 -0.0162540731
0.9999995726 0.0000686464 0.0009219487 -0.0169124207 -0.0000684668 0.9999999787 -0.0001948738 -0.0027087793 -0.0009219621 0.0001948106 0.9999995560 -0.0133208634
0.9999997300 -0.0000748037 0.0007310452 -0.0183106319 0.0000749968 0.9999999623 -0.0002640846 0.0031072872 -0.0007310254 0.0002641394 0.9999996979 -0.0032827728
0.9999997002 -0.0000137975 0.0007741986 -0.0181029480 0.0000139947 0.9999999675 -0.0002547007 0.0119509855 -0.0007741951 0.0002547114 0.9999996679 -0.0130798049
0.9999996901 0.0001087084 0.0007797537 -0.0137362839 -0.0001084917 0.9999999555 -0.0002780128 0.0127574338 -0.0007797839 0.0002779281 0.9999996573 -0.0047362667
0.9999997586 0.0001870944 0.0006691935 -0.0107202184 -0.0001868544 0.9999999182 -0.0003587156 0.0216786778 -0.0006692606 0.0003585905 0.9999997118 0.0007387228
0.9999996946 0.0001535244 0.0007662998 -0.0090197982 -0.0001532135 0.9999999060 -0.0004057345 0.0195163328 -0.0007663620 0.0004056169 0.9999996241 -0.0129551698
0.9999996937 -0.0000836802 0.0007782479 -0.0094532171 0.0000839138 0.9999999514 -0.0003002220 0.0177221593 -0.0007782227 0.0003002872 0.9999996521 -0.0083084904
0.9999996326 0.0001488179 0.0008441435 -0.0152683627 -0.0001484752 0.9999999065 -0.0004061259 0.0112923591 -0.0008442038 0.0004060004 0.9999995612 -0.0176135957
0.9999995587 -0.0002656890 0.0009011477 -0.0110895201 0.0002657872 0.9999999588 -0.0001088090 0.0148767460 -0.0009011188 0.0001090485 0.9999995880 -0.0059441642
0.9999998806 0.0000361673 0.0004872338 -0.0137557621 -0.0000360813 0.9999999838 -0.0001765815 0.0161211284 -0.0004872402 0.0001765639 0.9999998657 -0.0007589417
0.9999993858 0.0001399919 0.0010994973 -0.0132242944 -0.0001394415 0.9999998650 -0.0005006555 0.0099083116 -0.0010995672 0.0005005019 0.9999992702 -0.0146657399
0.9999996147 0.0001101012 0.0008708911 -0.0110596445 -0.0001098101 0.9999999381 -0.0003342078 0.0112266032 -0.0008709278 0.0003341121 0.9999995649 -0.0043229470
0.9999997090 0.0002049002 0.0007348141 -0.0093819474 -0.0002046338 0.9999999133 -0.0003625720 0.0200686145 -0.0007348883 0.0003624216 0.9999996643 0.0025220613
0.9999998233 0.0001546579 0.0005739502 -0.0061581423 -0.0001546012 0.9999999832 -0.0000988625 0.0209321682 -0.0005739654 0.0000987737 0.9999998304 0.0008126960
0.9999997368 0.0001053450 0.0007178178 -0.0028173159 -0.0001054540 0.9999999829 0.0001518033 0.0160456468 -0.0007178018 -0.0001518789 0.9999997308 -0.0040558052
0.9999998354 0.0000500885 0.0005715831 -0.0037499882 -0.0000500293 0.9999999934 -0.0001036877 0.0138327850 -0.0005715883 0.0001036591 0.9999998313 -0.0036473141
0.9999997270 0.0000563133 0.0007367119 -0.0016491906 -0.0000561182 0.9999999634 -0.0002648402 0.0117688742 -0.0007367268 0.0002647987 0.9999996936 -0.0000888900
0.9999997695 0.0001053637 0.0006707152 -0.0030620212 -0.0001050925 0.9999999128 -0.0004042858 0.0077341669 -0.0006707577 0.0004042152 0.9999996933 -0.0015067810
0.9999995570 0.0001726286 0.0009252829 -0.0011151653 -0.0001724714 0.9999999707 -0.0001700236 0.0090283314 -0.0009253122 0.0001698639 0.9999995575 -0.0038255824
0.9999997367 0.0000709021 0.0007222516 -0.0009834094 -0.0000708617 0.9999999959 -0.0000559919 0.0104557485 -0.0007222555 0.0000559407 0.9999997376 -0.0046397980
0.9999995918 0.0001693531 0.0008875548 0.0013844778 -0.0001690305 0.9999999197 -0.0003634413 0.0077102885 -0.0008876163 0.0003632911 0.9999995401 -0.0061570502
0.9999996189 0.0001624324 0.0008578130 0.0037342106 -0.0001622206 0.9999999563 -0.0002469830 0.0110479463 -0.0008578530 0.0002468438 0.9999996016 -0.0037337235
0.9999995217 0.0003725079 0.0009043076 0.0042629450 -0.0003720577 0.9999998068 -0.0004980002 0.0042052298 -0.0009044930 0.0004976635 0.9999994671 -0.0045583883
0.9999997227 0.0001899794 0.0007200173 0.0010967329 -0.0001898872 0.9999999738 -0.0001281367 0.0079697847 -0.0007200416 0.0001279999 0.9999997326 -0.0038548116
0.9999994367 0.0002331870 0.0010354407 0.0000915274 -0.0002329349 0.9999999432 -0.0002435535 0.0083671679 -0.0010354975 0.0002433121 0.9999994343 -0.0050167975
0.9999995624 0.0000911066 0.0009310743 0.0021752326 -0.0000908636 0.9999999618 -0.0002609866 0.0062768335 -0.0009310981 0.0002609019 0.9999995325 -0.0079916060
0.9999998804 0.0003589462 0.0003322976 -0.0033520927 -0.0003589114 0.9999999301 -0.0001046415 0.0110073481 -0.0003323351 0.0001045222 0.9999999393 -0.0067115870
0.9999997016 0.0001780083 0.0007517104 0.0014880809 -0.0001777533 0.9999999267 -0.0003392284 0.0080412692 -0.0007517707 0.0003390947 0.9999996599 -0.0044627963
0.9999994039 0.0001693134 0.0010786889 0.0019045794 -0.0001689595 0.9999999319 -0.0003282426 0.0077490176 -0.0010787444 0.0003280602 0.9999993643 -0.0044476792
0.9999992708 0.0003436633 0.0011577207 0.0040640299 -0.0003430488 0.9999998002 -0.0005309685 0.0047866740 -0.0011579030 0.0005305710 0.9999991889 -0.0027311534
0.9999991839 0.0002625491 0.0012503397 0.0081589594 -0.0002623091 0.9999999472 -0.0001920756 0.0081009579 -0.0012503901 0.0001917475 0.9999991999 -0.0047192108
0.9999997236 0.0000894947 0.0007381665 0.0019227720 -0.0000893718 0.9999999821 -0.0001664861 0.0094096239 -0.0007381814 0.0001664201 0.9999997137 -0.0075197538
0.9999996720 0.0000200135 0.0008097032 -0.0002247936 -0.0000198132 0.9999999692 -0.0002474589 0.0083373304 -0.0008097081 0.0002474428 0.9999996416 0.0011793309
0.9999995479 0.0004575596 0.0008335197 -0.0004408611 -0.0004570638 0.9999997186 -0.0005948874 0.0067146394 -0.0008337917 0.0005945062 0.9999994757 -0.0024848453
0.9999996727 0.0003946832 0.0007063171 0.0018030302 -0.0003945085 0.9999998915 -0.0002475203 0.0039124906 -0.0007064148 0.0002472416 0.9999997199 -0.0031713775
0.9999996948 0.0002035903 0.0007543003 0.0028423349 -0.0002032904 0.9999999003 -0.0003976232 0.0061750961 -0.0007543811 0.0003974698 0.9999996365 -0.0052074063
0.9999996800 0.0000685726 0.0007970368 -0.0017440316 -0.0000684206 0.9999999795 -0.0001906793 0.0082073904 -0.0007970499 0.0001906247 0.9999996642 -0.0025021180
0.9999998210 0.0000095965 0.0005982625 -0.0002978354 -0.0000094939 0.9999999852 -0.0001715809 0.0118745063 -0.0005982641 0.0001715752 0.9999998063 -0.0034451082
0.9999997243 0.0002298132 0.0007060786 0.0006615941 -0.0002296154 0.9999999344 -0.0002802113 0.0064359861 -0.0007061430 0.0002800491 0.9999997115 -0.0031523014
0.9999997121 0.0000601995 0.0007564383 0.0018521623 -0.0000599771 0.9999999550 -0.0002939258 0.0066679285 -0.0007564560 0.0002938804 0.9999996707 -0.0039073124
0.9999992911 0.0001466422 0.0011816221 0.0062262921 -0.0001462515 0.9999999346 -0.0003307276 0.0083728601 -0.0011816705 0.0003305546 0.9999992472 -0.0008222940
0.9999996355 0.0003472946 0.0007799944 0.0033295533 -0.0003466263 0.9999995730 -0.0008566988 -0.0010771062 -0.0007802916 0.0008564281 0.9999993288 0.0008522018
0.9999990285 0.0004373350 0.0013235508 0.0078145579 -0.0004368735 0.9999998437 -0.0003489201 0.0070804832 -0.0013237032 0.0003483416 0.9999990632 -0.0034683909
0.9999995464 0.0003941878 0.0008670956 0.0026498294 -0.0003938227 0.9999998337 -0.0004212985 0.0056736984 -0.0008672615 0.0004209569 0.9999995353 -0.0061899973
0.9999995168 0.0002973410 0.0009370556 -0.0014515896 -0.0002971358 0.9999999319 -0.0002190957 0.0051058912 -0.0009371207 0.0002188172 0.9999995370 -0.0012060374
0.9999997393 0.0002067751 0.0006918351 0.0001127728 -0.0002065691 0.9999999343 -0.0002978431 0.0076605634 -0.0006918967 0.0002977001 0.9999997163 -0.0031683778
0.9999993747 0.0003081345 0.0010750062 0.0006709051 -0.0003078841 0.9999999254 -0.0002331165 0.0051846349 -0.0010750780 0.0002327854 0.9999993950 -0.0013600057
0.9999993129 0.0004390486 0.0010869080 0.0036786686 -0.0004387513 0.9999998663 -0.0002737473 0.0038993116 -0.0010870280 0.0002732703 0.9999993718 -0.0052591896
0.9999996337 0.0002052653 0.0008309593 0.0020370350 -0.0002049345 0.9999998998 -0.0003980966 0.0038037051 -0.0008310409 0.0003979261 0.9999995755 -0.0032825718
0.9999994970 0.0002657191 0.0009671155 -0.0001433906 -0.0002652233 0.9999998334 -0.0005126906 0.0004963971 -0.0009672516 0.0005124339 0.9999994009 -0.0065383490
0.9999995552 0.0002988692 0.0008945328 -0.0001095949 -0.0002985310 0.9999998839 -0.0003781680 0.0049442453 -0.0008946458 0.0003779008 0.9999995284 0.0001512171
0.9999995247 0.0001765368 0.0009588902 0.0013579379 -0.0001760491 0.9999998552 -0.0005086139 0.0024546215 -0.0009589798 0.0005084449 0.9999994109 -0.0047419561
0.9999997413 0.0002488523 0.0006748637 -0.0002855238 -0.0002486432 0.9999999211 -0.0003099095 0.0080469410 -0.0006749408 0.0003097416 0.9999997243 -0.0046668388
0.9999997021 0.0000922315 0.0007663935 -0.0015763048 -0.0000920692 0.9999999733 -0.0002118560 0.0091746725 -0.0007664131 0.0002117854 0.9999996839 -0.0070721203
0.9999993687 0.0002379602 0.0010981620 -0.0008393569 -0.0002376234 0.9999999247 -0.0003068336 0.0066997836 -0.0010982350 0.0003065725 0.9999993499 -0.0040913324
0.9999997129 0.0001408004 0.0007445140 -0.0017654712 -0.0001406284 0.9999999634 -0.0002309701 0.0106335187 -0.0007445465 0.0002308653 0.9999996962 -0.0012660996
0.9999992308 0.0002649060 0.0012116760 0.0016026932 -0.0002646100 0.9999999351 -0.0002444506 0.0031238228 -0.0012117406 0.0002441298 0.9999992360 -0.0032716825
0.9999996907 0.0000871967 0.0007816627 -0.0002692050 -0.0000868775 0.9999999128 -0.0004083810 0.0074354649 -0.0007816982 0.0004083129 0.9999996111 -0.0036945955
0.9999996355 0.0001122841 0.0008464346 -0.0031725409 -0.0001121260 0.9999999763 -0.0001868709 0.0105501744 -0.0008464555 0.0001867760 0.9999996243 -0.0015117786
0.9999995815 0.0001424352 0.0009037756 0.0012339866 -0.0001421547 0.9999999417 -0.0003103925 0.0070893340 -0.0009038198 0.0003102639 0.9999995434 -0.0010359913
0.9999995864 0.0002715005 0.0008680277 0.0002982788 -0.0002713199 0.9999999415 -0.0002081073 0.0094899295 -0.0008680841 0.0002078718 0.9999996016 -0.0009923660
0.9999992195 0.0000723745 0.0012473364 0.0041911938 -0.0000718282 0.9999999015 -0.0004379843 0.0073488975 -0.0012473680 0.0004378943 0.9999991262 -0.0004270531
0.9999997815 -0.0001126660 0.0006514022 0.0003673751 0.0001129152 0.9999999205 -0.0003824932 0.0083384904 -0.0006513591 0.0003825666 0.9999997147 -0.0059355889
0.9999996454 0.0001141177 0.0008343173 -0.0008688121 -0.0001138033 0.9999999225 -0.0003768781 0.0038827745 -0.0008343603 0.0003767830 0.9999995809 -0.0077582949
0.9999995752 0.0003701826 0.0008441719 0.0051782046 -0.0003696770 0.9999997523 -0.0005989224 0.0003558867 -0.0008443934 0.0005986101 0.9999994643 -0.0045438959
0.9999993568 0.0003193404 0.0010883057 0.0035004119 -0.0003185525 0.9999996871 -0.0007241162 -0.0002616888 -0.0010885366 0.0007237690 0.9999991456 -0.0032529336
0.9999995471 0.0002391996 0.0009212195 0.0041627654 -0.0002387067 0.9999998284 -0.0005350372 0.0032842778 -0.0009213473 0.0005348171 0.9999994325 -0.0014120847
0.9999995539 0.0003268551 0.0008861631 0.0000085302 -0.0003262472 0.9999997115 -0.0006860394 0.0017838068 -0.0008863871 0.0006857500 0.9999993720 -0.0033362784
0.9999992826 0.0000822541 0.0011949868 0.0030973529 -0.0000813434 0.9999997063 -0.0007621039 -0.0005886656 -0.0011950491 0.0007620061 0.9999989956 -0.0009147071
0.9999995871 0.0004260160 0.0008026786 -0.0010989585 -0.0004255404 0.9999997339 -0.0005926137 0.0029111976 -0.0008029309 0.0005922719 0.9999995023 0.0007275813
0.9999992678 0.0003905053 0.0011453840 0.0039626110 -0.0003896966 0.9999996747 -0.0007061643 0.0013354520 -0.0011456594 0.0007057175 0.9999990947 -0.0004735497
0.9999995193 0.0003668743 0.0009092986 0.0018104883 -0.0003662759 0.9999997163 -0.0006581834 0.0030444917 -0.0009095399 0.0006578500 0.9999993700 0.0002233589
0.9999994210 0.0001681161 0.0010628517 -0.0015862229 -0.0001674207 0.9999997719 -0.0006543349 0.0010392515 -0.0010629614 0.0006541565 0.9999992211 0.0000387056
0.9999993177 0.0001863086 0.0011532422 0.0005929034 -0.0001857157 0.9999998505 -0.0005142574 0.0005058011 -0.0011533379 0.0005140428 0.9999992028 0.0001111801
0.9999994406 0.0000748507 0.0010550855 0.0029265064 -0.0000743715 0.9999998941 -0.0004542239 0.0059534854 -0.0010551194 0.0004541452 0.9999993402 -0.0017200388
0.9999993832 0.0001553592 0.0010997109 0.0011562296 -0.0001547915 0.9999998547 -0.0005162756 0.0056527984 -0.0010997909 0.0005161050 0.9999992620 -0.0024203624
0.9999994713 0.0001095581 0.0010224562 0.0037898883 -0.0001090790 0.9999998842 -0.0004686558 0.0047781389 -0.0010225075 0.0004685440 0.9999993675 -0.0006646505
0.9999993797 0.0001043002 0.0011089637 0.0036259608 -0.0001035412 0.9999997604 -0.0006844147 0.0014238753 -0.0011090348 0.0006842994 0.9999991509 0.0000192548
0.9999994033 0.0000797547 0.0010894985 0.0038594341 -0.0000784437 0.9999992729 -0.0012033132 -0.0077873471 -0.0010895937 0.0012032270 0.9999986825 0.0014640774
0.9999997212 0.0002122328 0.0007159214 -0.0012705038 -0.0002117978 0.9999997929 -0.0006076625 0.0020729491 -0.0007160503 0.0006075107 0.9999995591 0.0013481420
0.9999996527 0.0000497713 0.0008318812 -0.0002026523 -0.0000490869 0.9999996603 -0.0008227994 -0.0002370130 -0.0008319218 0.0008227583 0.9999993155 0.0010423740
0.9999996014 0.0000837814 0.0008888737 -0.0012817822 -0.0000831704 0.9999997602 -0.0006874600 -0.0017947646 -0.0008889310 0.0006873858 0.9999993687 0.0005726754
0.9999994936 0.0000474457 0.0010052604 0.0026673544 -0.0000469515 0.9999998780 -0.0004916801 -0.0017035432 -0.0010052836 0.0004916327 0.9999993739 -0.0026935664
0.9999998100 -0.0001341391 0.0006016921 -0.0034244468 0.0001345325 0.9999997772 -0.0006537612 0.0003694531 -0.0006016042 0.0006538420 0.9999996053 -0.0018461679
0.9999996872 -0.0002413951 0.0007532106 -0.0036023108 0.0002417938 0.9999998307 -0.0005292068 -0.0033319915 -0.0007530827 0.0005293888 0.9999995763 -0.0013597733
0.9999997426 -0.0000645175 0.0007145715 -0.0025035634 0.0000647806 0.9999999301 -0.0003682560 -0.0012635282 -0.0007145477 0.0003683022 0.9999996769 -0.0079965670
0.9999995998 0.0000437582 0.0008935935 -0.0014856437 -0.0000433965 0.9999999171 -0.0004047609 -0.0013204334 -0.0008936111 0.0004047219 0.9999995188 -0.0042153001
0.9999995541 -0.0000381160 0.0009436071 0.0011116063 0.0000386175 0.9999998580 -0.0005315302 0.0022499554 -0.0009435867 0.0005315664 0.9999994135 -0.0041037740
0.9999993293 -0.0000719694 0.0011559915 -0.0015586560 0.0000723231 0.9999999506 -0.0003058850 0.0012800211 -0.0011559694 0.0003059684 0.9999992851 -0.0026645630
0.9999996615 -0.0000454426 0.0008215620 -0.0022437706 0.0000459509 0.9999998075 -0.0006187937 0.0017704517 -0.0008215338 0.0006188312 0.9999994711 -0.0075789193
0.9999994787 0.0000758508 0.0010182345 -0.0017100219 -0.0000757793 0.9999999947 -0.0000702382 0.0049572653 -0.0010182398 0.0000701610 0.9999994791 -0.0035095214
0.9999997805 -0.0001415836 0.0006472086 -0.0017304063 0.0001416026 0.9999999895 -0.0000293091 0.0081023278 -0.0006472044 0.0000294007 0.9999997901 -0.0082358875
0.9999994980 0.0001707507 0.0009873248 -0.0035672547 -0.0001701913 0.9999998250 -0.0005665676 0.0026066098 -0.0009874213 0.0005663993 0.9999993521 -0.0038653459
0.9999992612 -0.0000211571 0.0012154198 0.0011335020 0.0000218711 0.9999998272 -0.0005874229 0.0036512513 -0.0012154072 0.0005874491 0.9999990888 0.0010310218
0.9999997431 -0.0000219940 0.0007164431 -0.0041531124 0.0000224395 0.9999998065 -0.0006217407 0.0019925539 -0.0007164293 0.0006217567 0.9999995501 -0.0030455829
0.9999994779 -0.0001498942 0.0010108477 -0.0029119255 0.0001501505 0.9999999566 -0.0002535006 0.0046395296 -0.0010108096 0.0002536522 0.9999994570 -0.0018346814
0.9999997611 -0.0000397795 0.0006900981 -0.0026829580 0.0000399346 0.9999999739 -0.0002247644 0.0055192798 -0.0006900891 0.0002247919 0.9999997366 -0.0089976056
0.9999996004 -0.0001355770 0.0008836784 -0.0030313881 0.0001357747 0.9999999658 -0.0002236931 0.0005009621 -0.0008836480 0.0002238130 0.9999995845 -0.0044296452
0.9999996608 -0.0001490376 0.0008100024 -0.0061866633 0.0001493537 0.9999999127 -0.0003901969 0.0045317901 -0.0008099441 0.0003903178 0.9999995958 -0.0062864008
0.9999994101 -0.0002529904 0.0010562749 -0.0070543964 0.0002532041 0.9999999475 -0.0002021836 0.0022434207 -0.0010562237 0.0002024509 0.9999994217 -0.0013307265
0.9999995688 -0.0001852132 0.0009100419 -0.0065568723 0.0001856747 0.9999998542 -0.0005070799 -0.0008029673 -0.0009099479 0.0005072487 0.9999994573 -0.0054461725
0.9999994635 0.0000582771 0.0010342540 -0.0025978768 -0.0000581386 0.9999999893 -0.0001339019 0.0079623382 -0.0010342618 0.0001338417 0.9999994562 0.0003040651
0.9999995995 -0.0001852551 0.0008755572 -0.0048152495 0.0001856514 0.9999998804 -0.0004525478 0.0038957518 -0.0008754733 0.0004527101 0.9999995143 -0.0013813118
0.9999997311 -0.0001042721 0.0007258288 -0.0074095975 0.0001044156 0.9999999750 -0.0001977233 0.0003059293 -0.0007258081 0.0001977990 0.9999997170 -0.0052027852
0.9999997698 -0.0000812752 0.0006736919 -0.0061464025 0.0000813933 0.9999999813 -0.0001753556 0.0041298768 -0.0006736777 0.0001754104 0.9999997577 -0.0072706987
0.9999995515 -0.0000047000 0.0009471346 -0.0048396940 0.0000051695 0.9999998771 -0.0004957530 -0.0009980799 -0.0009471321 0.0004957577 0.9999994286 -0.0017797778
0.9999997259 0.0001015879 0.0007333517 -0.0053248257 -0.0001012717 0.9999999019 -0.0004311984 -0.0004807719 -0.0007333954 0.0004311240 0.9999996381 -0.0058282699
0.9999994397 0.0000539603 0.0010572110 -0.0063330544 -0.0000533217 0.9999998161 -0.0006040856 0.0000365436 -0.0010572434 0.0006040289 0.9999992587 -0.0033551814
0.9999995411 0.0000170335 0.0009578987 -0.0010128116 -0.0000162291 0.9999996473 -0.0008397826 -0.0042332758 -0.0009579127 0.0008397667 0.9999991886 0.0004043599
0.9999996195 0.0000347877 0.0008717013 -0.0057908608 -0.0000341339 0.9999997182 -0.0007500227 -0.0004857933 -0.0008717272 0.0007499927 0.9999993388 -0.0001821468
0.9999993710 -0.0001137555 0.0011158171 -0.0034100437 0.0001142251 0.9999999049 -0.0004208298 -0.0013724413 -0.0011157691 0.0004209570 0.9999992889 -0.0022824462
0.9999995538 0.0000507569 0.0009433343 -0.0018220451 -0.0000503773 0.9999999178 -0.0004024076 0.0030097541 -0.0009433547 0.0004023599 0.9999994741 -0.0034599819
0.9999993378 0.0000771629 0.0011482594 -0.0005189009 -0.0000765293 0.9999998448 -0.0005518080 0.0002236712 -0.0011483018 0.0005517197 0.9999991885 -0.0010981593
0.9999999157 -0.0001885686 0.0003646477 -0.0097238841 0.0001887390 0.9999998731 -0.0004671796 0.0040070230 -0.0003645596 0.0004672484 0.9999998244 0.0002392943
0.9999993814 -0.0000713736 0.0011099675 -0.0047459843 0.0000718764 0.9999998948 -0.0004530149 0.0014462586 -0.0011099351 0.0004530944 0.9999992814 0.0004227789
0.9999997906 -0.0000219757 0.0006467825 -0.0031076322 0.0000221658 0.9999999566 -0.0002939052 0.0043763961 -0.0006467760 0.0002939194 0.9999997476 -0.0039838829
0.9999998371 0.0001886725 0.0005386896 -0.0057668806 -0.0001884487 0.9999998959 -0.0004154622 0.0019789661 -0.0005387680 0.0004153607 0.9999997686 -0.0033186446
0.9999998142 -0.0000486933 0.0006077086 -0.0088092748 0.0000489897 0.9999998799 -0.0004876869 0.0056783435 -0.0006076847 0.0004877166 0.9999996964 0.0044560107
0.9999997167 -0.0000589152 0.0007504023 -0.0032784490 0.0000591127 0.9999999636 -0.0002631346 0.0038801121 -0.0007503868 0.0002631789 0.9999996838 -0.0030465684
0.9999998183 -0.0000834156 0.0005970088 -0.0028121786 0.0000835358 0.9999999762 -0.0002013784 0.0059539553 -0.0005969920 0.0002014283 0.9999998015 -0.0025419574
0.9999996592 0.0001048361 0.0008189432 -0.0007572454 -0.0001045520 0.9999999344 -0.0003469186 0.0070519639 -0.0008189796 0.0003468329 0.9999996045 -0.0010520130
0.9999997359 -0.0000539924 0.0007247387 -0.0018210696 0.0000541794 0.9999999652 -0.0002580858 0.0039206301 -0.0007247248 0.0002581250 0.9999997041 -0.0004904416
0.9999999048 -0.0002219674 0.0003755569 -0.0063640878 0.0002220985 0.9999999144 -0.0003490175 0.0041908932 -0.0003754794 0.0003491009 0.9999998686 -0.0016362409
0.9999998743 -0.0000515343 0.0004987963 -0.0063128952 0.0000516088 0.9999999875 -0.0001492320 0.0030601478 -0.0004987886 0.0001492578 0.9999998645 -0.0019892568
0.9999996023 -0.0000619714 0.0008896501 -0.0050389627 0.0000625438 0.9999997911 -0.0006433556 -0.0007128508 -0.0008896101 0.0006434110 0.9999993973 -0.0006180604
0.9999998080 -0.0000995269 0.0006117055 -0.0025544911 0.0000998175 0.9999998822 -0.0004750847 0.0046710214 -0.0006116581 0.0004751456 0.9999997001 0.0009960525
0.9999997396 0.0000814219 0.0007170105 -0.0070171283 -0.0000810450 0.9999998586 -0.0005256529 0.0039977525 -0.0007170532 0.0005255947 0.9999996048 0.0044978501
0.9999996572 -0.0002416115 0.0007919370 -0.0048605612 0.0002421582 0.9999997324 -0.0006903376 0.0030562348 -0.0007917700 0.0006905291 0.9999994481 0.0021660341
0.9999997822 0.0001185886 0.0006492328 -0.0033154070 -0.0001184069 0.9999999538 -0.0002798422 0.0068032555 -0.0006492660 0.0002797652 0.9999997501 0.0040501944
0.9999997987 -0.0000579158 0.0006317998 -0.0033066624 0.0000584739 0.9999996081 -0.0008834429 -0.0003382285 -0.0006317484 0.0008834797 0.9999994102 0.0032879090
0.9999997254 -0.0001529312 0.0007251257 -0.0042499986 0.0001535639 0.9999996075 -0.0008726103 0.0001755622 -0.0007249920 0.0008727214 0.9999993564 0.0066469037
0.9999997854 -0.0000095162 0.0006550486 -0.0073495475 0.0000099834 0.9999997456 -0.0007132090 0.0020790509 -0.0006550417 0.0007132153 0.9999995311 0.0005306730
0.9999996675 -0.0001712651 0.0007973081 -0.0021860106 0.0001716331 0.9999998787 -0.0004615931 0.0055208234 -0.0007972290 0.0004617298 0.9999995756 0.0017329362
0.9999998425 0.0000434758 0.0005595655 -0.0053597566 -0.0000430876 0.9999997584 -0.0006937333 -0.0009206416 -0.0005595955 0.0006937091 0.9999996028 0.0012053376
0.9999995862 -0.0000063705 0.0009096891 -0.0006630075 0.0000071553 0.9999996278 -0.0008627270 0.0002283598 -0.0009096832 0.0008627331 0.9999992141 0.0040317894
0.9999998384 -0.0001103131 0.0005577775 -0.0073170746 0.0001106349 0.9999998275 -0.0005768423 0.0075720190 -0.0005577137 0.0005769039 0.9999996781 0.0042870101
0.9999999733 -0.0001122635 0.0002021098 -0.0056941551 0.0001123556 0.9999998900 -0.0004553525 0.0074545637 -0.0002020587 0.0004553752 0.9999998759 0.0005524624
0.9999998014 -0.0000062236 0.0006302321 -0.0055154983 0.0000064166 0.9999999531 -0.0003062825 0.0066157671 -0.0006302302 0.0003062865 0.9999997545 -0.0005455768
0.9999996530 0.0000981983 0.0008272857 -0.0015514008 -0.0000976725 0.9999997933 -0.0006355594 0.0033412953 -0.0008273479 0.0006354784 0.9999994558 0.0031113217
0.9999996318 0.0000011756 0.0008581713 0.0002571690 -0.0000006050 0.9999997790 -0.0006648711 0.0015603006 -0.0008581719 0.0006648704 0.9999994107 -0.0010075220
0.9999996077 0.0000743437 0.0008826949 -0.0000532577 -0.0000736834 0.9999997176 -0.0007479714 0.0031205197 -0.0008827502 0.0007479061 0.9999993307 0.0034655349
0.9999997152 0.0000839208 0.0007500697 -0.0010793056 -0.0000834525 0.9999998016 -0.0006243224 0.0081722989 -0.0007501220 0.0006242596 0.9999995238 0.0027256695
0.9999998640 0.0001769860 0.0004905812 -0.0041205298 -0.0001766884 0.9999998004 -0.0006066231 0.0029109302 -0.0004906885 0.0006065363 0.9999996957 -0.0004761883
0.9999997589 -0.0001910890 0.0006676018 -0.0039992471 0.0001915023 0.9999997900 -0.0006191085 0.0026678087 -0.0006674834 0.0006192362 0.9999995855 0.0003059934
0.9999996908 0.0000355403 0.0007855542 -0.0035220634 -0.0000348458 0.9999996086 -0.0008840538 -0.0020538874 -0.0007855854 0.0008840262 0.9999993007 -0.0004597787
0.9999996683 0.0000109764 0.0008143687 -0.0002029575 -0.0000104259 0.9999997715 -0.0006759383 0.0059496460 -0.0008143759 0.0006759295 0.9999994400 -0.0011244563
0.9999999411 -0.0002421176 0.0002433306 -0.0090258937 0.0002422863 0.9999997300 -0.0006937194 0.0046988521 -0.0002431625 0.0006937783 0.9999997298 -0.0054600540
0.9999993646 -0.0005920175 0.0009593176 -0.0084759767 0.0005923633 0.9999997597 -0.0003602020 0.0025500257 -0.0009591041 0.0003607701 0.9999994750 -0.0012793814
0.9999990371 0.0013724006 0.0002057501 -0.0138526027 -0.0013721777 0.9999984761 -0.0010793586 -0.0000113844 -0.0002072311 0.0010790752 0.9999993963 -0.0018923639
0.9999991266 -0.0000975739 0.0013180868 0.0173266573 0.0000983013 0.9999998429 -0.0005517640 0.0049269665 -0.0013180328 0.0005518931 0.9999989791 -0.0022101948
0.9999993966 -0.0009701366 0.0005154447 -0.0056445361 0.0009704549 0.9999993384 -0.0006175599 0.0003087158 -0.0005148453 0.0006180598 0.9999996765 -0.0044713927
0.9999996522 0.0005865578 0.0005929699 -0.0082878826 -0.0005861848 0.9999996303 -0.0006291641 0.0029284691 -0.0005933388 0.0006288163 0.9999996263 0.0008081930
0.9999993924 0.0009777690 0.0005091437 0.0052240586 -0.0009774327 0.9999993043 -0.0006603635 0.0039133374 -0.0005097890 0.0006598654 0.9999996523 -0.0042387808
0.9999994640 -0.0006273790 0.0008235904 0.0029362336 0.0006275932 0.9999997693 -0.0002597400 0.0041382821 -0.0008234272 0.0002602568 0.9999996271 -0.0032577561
0.9999999749 -0.0000474932 0.0002191213 -0.0197569148 0.0000476378 0.9999997810 -0.0006601380 -0.0027550946 -0.0002190899 0.0006601484 0.9999997581 -0.0000794728
0.9999994071 0.0006868354 0.0008449833 -0.0058310893 -0.0006861797 0.9999994634 -0.0007761030 0.0025058748 -0.0008455159 0.0007755227 0.9999993418 -0.0010328940
0.9999986929 0.0000938849 0.0016141105 0.0133610572 -0.0000932934 0.9999999285 -0.0003665130 0.0043574381 -0.0016141448 0.0003663619 0.9999986302 -0.0009438436
0.9999993328 -0.0000462388 0.0011542288 -0.0072789468 0.0000468073 0.9999998776 -0.0004925353 0.0055788311 -0.0011542059 0.0004925890 0.9999992126 -0.0134750410
0.9999986720 0.0008087560 0.0014148575 -0.0054283398 -0.0008077513 0.9999994213 -0.0007105409 0.0002272641 -0.0014154313 0.0007093971 0.9999987467 -0.0140971595
0.9999982354 0.0004356347 0.0018274204 0.0002699159 -0.0004350289 0.9999998503 -0.0003318963 0.0131158830 -0.0018275647 0.0003311007 0.9999982752 -0.0108175951
0.9999983136 0.0002512979 0.0018192610 -0.0045764845 -0.0002502043 0.9999997879 -0.0006013544 0.0060577021 -0.0018194118 0.0006008982 0.9999981643 -0.0145077319
0.9999970715 0.0007177591 0.0023112398 -0.0038784373 -0.0007159808 0.9999994471 -0.0007701155 -0.0031380517 -0.0023117913 0.0007684585 0.9999970325 -0.0224376630
0.9999966653 0.0014152103 0.0021602016 -0.0047698819 -0.0014130651 0.9999985073 -0.0009942646 0.0008981300 -0.0021616055 0.0009912088 0.9999971725 -0.0178298112
0.9999979648 0.0008238442 0.0018416295 0.0005621498 -0.0008218166 0.9999990557 -0.0011014920 0.0046980710 -0.0018425352 0.0010999763 0.9999976976 -0.0122728234
0.9999989593 -0.0003037523 0.0014103524 -0.0012273013 0.0003053399 0.9999993199 -0.0011255802 0.0007702233 -0.0014100096 0.0011260097 0.9999983720 -0.0122676556
0.9999998567 -0.0005087593 0.0001666434 -0.0108140108 0.0005089167 0.9999994231 -0.0009458962 0.0005454160 -0.0001661621 0.0009459809 0.9999995388 -0.0115488188
0.9999998306 -0.0004188869 -0.0004042097 -0.0018753865 0.0004187315 0.9999998384 -0.0003844875 0.0073044069 0.0004043706 0.0003843182 0.9999998444 0.0050844251
0.9999993782 0.0000386834 0.0011144948 0.0048344454 -0.0000373809 0.9999993163 -0.0011687259 0.0025509907 -0.0011145393 0.0011686835 0.9999986960 -0.0154880832
0.9999979851 0.0001001275 0.0020049352 0.0022407133 -0.0000985593 0.9999996892 -0.0007822473 0.0033159887 -0.0020050129 0.0007820482 0.9999976842 -0.0133419661
0.9999944813 0.0008956280 0.0031992649 -0.0116903941 -0.0008907228 0.9999984262 -0.0015343214 -0.0048276744 -0.0032006341 0.0015314633 0.9999937053 -0.0255322840
0.9999921980 0.0021077282 0.0033408817 -0.0171239909 -0.0021027186 0.9999966608 -0.0015022960 -0.0040286572 -0.0033440370 0.0014952593 0.9999932908 -0.0281323705
0.9999878206 0.0024363879 0.0042921578 0.0003411170 -0.0024298145 0.9999958683 -0.0015360551 -0.0033936119 -0.0042958825 0.0015256072 0.9999896089 -0.0312994977
0.9999914619 0.0024574639 0.0033221922 0.0044162925 -0.0024518945 0.9999955838 -0.0016794700 -0.0053254591 -0.0033263048 0.0016713100 0.9999930712 -0.0229357205
0.9999993829 0.0008783859 0.0006801612 0.0038657542 -0.0008775530 0.9999988660 -0.0012238716 0.0013518066 -0.0006812354 0.0012232739 0.9999990198 -0.0075537302
0.9999994856 -0.0003957399 -0.0009338873 0.0072465330 0.0003955952 0.9999999097 -0.0001550272 0.0075342268 0.0009339486 0.0001546577 0.9999995519 0.0095349006
0.9999996354 -0.0005466748 -0.0006559971 0.0133872527 0.0005464106 0.9999997696 -0.0004027924 0.0079213602 0.0006562172 0.0004024338 0.9999997037 -0.0009868035
0.9999997767 -0.0005664619 0.0003545701 0.0176411575 0.0005665643 0.9999997978 -0.0002888087 0.0089907218 -0.0003544065 0.0002890095 0.9999998954 -0.0020321949
0.9999968632 -0.0015046155 0.0020024049 0.0053268105 0.0015101780 0.9999949973 -0.0027793425 -0.0180552701 -0.0019982131 0.0027823578 0.9999941328 -0.0350845479
0.9999809349 -0.0042137416 0.0045137802 -0.0009003949 0.0042311159 0.9999836507 -0.0038465557 -0.0082664670 -0.0044974981 0.0038655807 0.9999824147 -0.0428916043
0.9999777254 -0.0051000107 0.0043056560 -0.0145573601 0.0051156933 0.9999802928 -0.0036392006 0.0182242766 -0.0042870112 0.0036611459 0.9999841086 -0.0568731844
0.9999778014 -0.0051687070 0.0042049081 -0.0007711736 0.0051845599 0.9999794611 -0.0037679780 0.0329952456 -0.0041853462 0.0037896949 0.9999840604 -0.0749427545
0.9999824078 -0.0051536497 0.0029366503 -0.0085531231 0.0051664473 0.9999771178 -0.0043671090 0.0475936169 -0.0029140766 0.0043822042 0.9999861521 -0.0954778105
0.9999763719 -0.0064201672 0.0024570555 0.0043698556 0.0064315704 0.9999684519 -0.0046615667 0.0485735668 -0.0024270499 0.0046772593 0.9999861162 -0.0985264347
0.9999731418 -0.0073063524 -0.0005768909 0.0029858907 0.0073036780 0.9999631609 -0.0045092357 0.0758523753 0.0006098157 0.0045049012 0.9999896669 -0.1409986800
0.9999786576 -0.0065075915 -0.0005793490 0.0264209365 0.0065042575 0.9999632687 -0.0055817546 0.0860658679 0.0006156515 0.0055778672 0.9999842541 -0.1551717049
0.9999749304 -0.0070711259 -0.0003710873 0.0447200769 0.0070686806 0.9999556586 -0.0062221090 0.0867136841 0.0004150682 0.0062193299 0.9999805736 -0.1701147974
0.9999763430 -0.0068756596 -0.0001970290 0.0363627801 0.0068742397 0.9999554037 -0.0064757582 0.0941958826 0.0002415453 0.0064742506 0.9999790126 -0.1669464331
0.9999731208 -0.0073317329 0.0000574100 0.0206191555 0.0073319522 0.9999512440 -0.0066145312 0.1149457784 -0.0000089113 0.0066147743 0.9999781221 -0.1737341466
0.9999733852 -0.0072620868 0.0007006482 -0.0054075221 0.0072648986 0.9999652140 -0.0040978203 0.1148531679 -0.0006708651 0.0041028014 0.9999913584 -0.2013586520
0.9999706833 -0.0076357557 0.0005725808 -0.0053665037 0.0076376825 0.9999649088 -0.0034419400 0.1535561339 -0.0005462789 0.0034462123 0.9999939126 -0.2147515537
0.9999657682 -0.0082603306 0.0004788534 -0.0234332809 0.0082616544 0.9999618620 -0.0028318840 0.1907795677 -0.0004554429 0.0028357432 0.9999958756 -0.2287180730
0.9999734724 -0.0072406151 0.0007924813 -0.0032276098 0.0072430751 0.9999688175 -0.0031467253 0.1946307085 -0.0007696724 0.0031523818 0.9999947350 -0.2364493950
0.9999674914 -0.0080620861 -0.0001373969 0.0299854033 0.0080613806 0.9999572325 -0.0045329230 0.2109199527 0.0001739358 0.0045316680 0.9999897168 -0.2574682072
0.9999757341 -0.0069650284 0.0001403051 0.0309391999 0.0069656800 0.9999613953 -0.0053560512 0.2123428809 -0.0001029947 0.0053568985 0.9999856464 -0.2711257269
0.9999767111 -0.0068244100 0.0000680110 0.0740436581 0.0068246762 0.9999624083 -0.0053484380 0.2590579951 -0.0000315085 0.0053487775 0.9999856947 -0.2811820883
0.9999785118 -0.0065385747 0.0004721742 0.0682353229 0.0065410655 0.9999635804 -0.0054820007 0.2695698389 -0.0004363125 0.0054849714 0.9999848622 -0.3001726871
0.9999740261 -0.0072037283 0.0002310410 0.0864105808 0.0072047138 0.9999634931 -0.0045939639 0.3125900013 -0.0001979389 0.0045955092 0.9999894210 -0.3071811281
0.9999789252 -0.0064649859 0.0005941842 0.0969104272 0.0064672959 0.9999711993 -0.0039717265 0.3648775362 -0.0005684899 0.0039754856 0.9999919361 -0.3161702377
0.9999777886 -0.0066556068 0.0003538021 0.1133814599 0.0066566447 0.9999732892 -0.0030182818 0.4158885133 -0.0003337041 0.0030205699 0.9999953824 -0.3262559371
0.9999718225 -0.0074910042 0.0004890142 0.1194706153 0.0074923310 0.9999680948 -0.0027702541 0.4325729209 -0.0004682466 0.0027738399 0.9999960433 -0.3362595094
0.9999817173 -0.0060436567 0.0001984243 0.1318556927 0.0060439841 0.9999803023 -0.0016927139 0.4263863388 -0.0001881902 0.0016938822 0.9999985477 -0.3488568862
0.9999774177 -0.0066974830 -0.0005547885 0.1530863780 0.0066965976 0.9999763251 -0.0015826781 0.4731501942 0.0005653753 0.0015789271 0.9999985937 -0.3823182756
0.9999886134 -0.0046756544 -0.0009546253 0.1220406873 0.0046737673 0.9999871383 -0.0019695338 0.4421582291 0.0009638219 0.0019650497 0.9999976048 -0.4009613732
0.9999861181 0.0050302856 -0.0015684110 0.1310679573 -0.0050336292 0.9999850516 -0.0021352057 0.4734392471 0.0015576469 0.0021430708 0.9999964905 -0.4292483237
0.9997853611 0.0206987585 -0.0008906131 0.1694743239 -0.0206997593 0.9997850989 -0.0011295721 0.4631058620 0.0008670410 0.0011477651 0.9999989654 -0.4159154664
0.9992058144 0.0397924853 -0.0020732867 0.2141424372 -0.0397920788 0.9992079535 0.0002369571 0.4711019918 0.0020810737 -0.0001542685 0.9999978227 -0.4521022063
0.9982465075 0.0591369459 -0.0025945950 0.2441151123 -0.0591361193 0.9982498505 0.0003942109 0.4735255855 0.0026133665 -0.0002400854 0.9999965563 -0.4802473526
0.9969427156 0.0778429412 -0.0067600500 0.2896983416 -0.0779330958 0.9968561352 -0.0142925931 0.4787121120 0.0056262198 0.0147757282 0.9998750039 -0.8903665654
0.9948327201 0.0982437855 -0.0256128413 0.2887343205 -0.0988330482 0.9948415630 -0.0228537320 0.5123705160 0.0232354819 0.0252670355 0.9994106710 -1.3672956459
0.9925432364 0.1190985469 -0.0259511074 0.3182472209 -0.1197109432 0.9925311553 -0.0234775589 0.4961589226 0.0229611394 0.0264091238 0.9993874845 -1.4050622624
0.9901355941 0.1376075242 -0.0263756421 0.3566355672 -0.1382533444 0.9900948961 -0.0244562755 0.4476840144 0.0227490211 0.0278615496 0.9993528987 -1.4504771656
0.9869374208 0.1594293196 -0.0231693655 0.3767546115 -0.1596775304 0.9871256288 -0.0092778864 0.3966077455 0.0213919074 0.0128563203 0.9996885021 -1.6001390504
0.9838513286 0.1779029647 -0.0196748153 0.4185250100 -0.1778627063 0.9840480079 0.0037915551 0.3409863521 0.0200354917 -0.0002309106 0.9997992427 -1.8236352697
0.9801886426 0.1970668687 -0.0198714435 0.4242373543 -0.1970606811 0.9803886225 0.0022884322 0.3024669477 0.0199327113 0.0016727849 0.9997999244 -1.8614458277
0.9755635775 0.2190210213 -0.0174785133 0.4573145602 -0.2189982562 0.9757199054 0.0032295572 0.2797791874 0.0177614743 0.0006771255 0.9998420233 -1.8303627012
0.9701746125 0.2416737136 -0.0188424342 0.4950648248 -0.2416936140 0.9703518121 0.0012481220 0.2435061561 0.0185854284 0.0033431997 0.9998216865 -1.8771386030
0.9654596972 0.2598514887 -0.0190991330 0.5505013662 -0.2599962071 0.9655940440 -0.0054876598 0.1554203227 0.0170160325 0.0102638165 0.9998025349 -1.9655934020
0.9606333445 0.2769468552 -0.0220003826 0.5709939664 -0.2772749951 0.9606950254 -0.0135515757 0.1349817692 0.0173825918 0.0191182515 0.9996661132 -2.1580254134
0.9556774947 0.2934040343 -0.0243843941 0.5764352974 -0.2938545074 0.9556898276 -0.0175066254 0.0411925281 0.0181674028 0.0238961520 0.9995493582 -2.3801110619
0.9492372821 0.3131058684 -0.0302208129 0.5857397962 -0.3140307254 0.9488295657 -0.0332739943 -0.0086024871 0.0182561179 0.0410751798 0.9989892611 -2.7639233011
0.9403041027 0.3391028441 -0.0289388247 0.5990232050 -0.3399832079 0.9397965083 -0.0345534575 -0.0929625766 0.0154794307 0.0423294723 0.9989837852 -2.7812159466
