1.0000000000 0.0000000000 0.0000000000 0.0000000000 0.0000000000 1.0000000000 0.0000000000 0.0000000000 0.0000000000 0.0000000000 1.0000000000 0.0000000000
0.9999999084 0.0002513768 0.0003463713 0.0051595883 -0.0002516695 0.9999996110 0.0008453872 0.0095250190 -0.0003461586 -0.0008454743 0.9999995827 0.0051789516
0.9999999697 0.0001398699 0.0002026790 -0.0005514573 -0.0001400279 0.9999996865 0.0007794018 0.0045791181 -0.0002025699 -0.0007794301 0.9999996757 -0.0019809919
0.9999998674 0.0000275244 0.0005141856 0.0019878594 -0.0000279844 0.9999995994 0.0008946389 0.0101168808 -0.0005141607 -0.0008946532 0.9999994676 0.0037722001
0.9999999894 0.0001051668 0.0001008128 0.0013830131 -0.0001052241 0.9999998328 0.0005687051 0.0041288981 -0.0001007529 -0.0005687157 0.9999998332 0.0049622512
0.9999999217 0.0001137493 0.0003791419 0.0078473785 -0.0001141017 0.9999995615 0.0009295562 0.0163173177 -0.0003790360 -0.0009295994 0.9999994961 0.0150181716
0.9999999425 0.0003380871 -0.0000272481 0.0002184616 -0.0003380572 0.9999993477 0.0010910216 0.0096113844 0.0000276170 -0.0010910123 0.9999994045 0.0093799256
0.9999999870 0.0001251288 0.0001013989 0.0001054256 -0.0001252653 0.9999990846 0.0013472675 0.0131194532 -0.0001012303 -0.0013472802 0.9999990873 -0.0038736888
0.9999998337 0.0002904118 0.0004983261 -0.0075382114 -0.0002911657 0.9999988125 0.0015133254 0.0164259047 -0.0004978861 -0.0015134702 0.9999987308 -0.0042256148
0.9999997089 0.0004191106 0.0006375991 0.0011095187 -0.0004199618 0.9999990202 0.0013354053 0.0170997970 -0.0006370388 -0.0013356727 0.9999989051 0.0041041463
0.9999998433 0.0004139209 0.0003770019 -0.0051971767 -0.0004144014 0.9999991008 0.0012753907 0.0213441779 -0.0003764736 -0.0012755468 0.9999991156 0.0065769741
0.9999999089 0.0001408602 0.0004030426 0.0089175163 -0.0001413408 0.9999992788 0.0011926920 0.0088605580 -0.0004028743 -0.0011927488 0.9999992075 0.0097747277
0.9999998295 0.0004374430 0.0003869269 0.0098082494 -0.0004379221 0.9999991364 0.0012391033 0.0142721444 -0.0003863845 -0.0012392726 0.9999991575 0.0064775688
0.9999998784 0.0003782443 0.0003164095 0.0111675249 -0.0003786559 0.9999990807 0.0013020029 0.0060584956 -0.0003159167 -0.0013021226 0.9999991023 0.0179491024
0.9999999318 0.0001405879 0.0003416639 0.0070185868 -0.0001410187 0.9999991949 0.0012610823 0.0195454175 -0.0003414863 -0.0012611303 0.9999991465 0.0129584400
0.9999998917 0.0003436264 0.0003139422 0.0057772874 -0.0003440598 0.9999989866 0.0013814523 0.0160145751 -0.0003134672 -0.0013815602 0.9999989965 0.0098859426
0.9999999868 0.0001438233 0.0000760438 0.0053776644 -0.0001439242 0.9999991076 0.0013281872 0.0201841132 -0.0000758528 -0.0013281982 0.9999991151 0.0027805600
0.9999998930 0.0003783981 0.0002661042 0.0056746631 -0.0003787737 0.9999989304 0.0014126971 0.0067043340 -0.0002655693 -0.0014127978 0.9999989667 0.0086127293
0.9999999332 0.0003069612 0.0001986085 -0.0062049716 -0.0003072221 0.9999990881 0.0013150799 0.0154142544 -0.0001982047 -0.0013151408 0.9999991156 -0.0033505697
0.9999999724 0.0000214289 0.0002338699 -0.0017031634 -0.0000217251 0.9999991978 0.0012664976 0.0096495378 -0.0002338426 -0.0012665026 0.9999991706 0.0070156250
0.9999999663 0.0002437042 0.0000890007 -0.0040187524 -0.0002438003 0.9999993851 0.0010818653 0.0041551668 -0.0000887369 -0.0010818870 0.9999994108 0.0057848538
0.9999998979 0.0003099939 0.0003286845 0.0133964578 -0.0003104716 0.9999988939 0.0014546024 0.0224511661 -0.0003282332 -0.0014547043 0.9999988880 0.0146672597
0.9999997171 0.0002438198 0.0007115212 0.0181211156 -0.0002446948 0.9999992136 0.0012299865 0.0232462099 -0.0007112208 -0.0012301603 0.9999989904 0.0219276460
0.9999999167 -0.0000116695 0.0004079177 0.0179571450 0.0000112087 0.9999993618 0.0011297340 0.0183396156 -0.0004079306 -0.0011297294 0.9999992787 0.0175341105
0.9999999512 0.0000063355 0.0003124160 0.0130321057 -0.0000068219 0.9999987882 0.0015567669 0.0145491002 -0.0003124058 -0.0015567689 0.9999987394 0.0198928637
0.9999999599 0.0002426142 0.0001457452 0.0149376684 -0.0002428209 0.9999989624 0.0014199103 0.0195279845 -0.0001454006 -0.0014199456 0.9999989813 0.0171914290
0.9999999326 0.0003288468 0.0001632064 0.0151829750 -0.0003290881 0.9999988497 0.0014806743 0.0151496140 -0.0001627193 -0.0014807279 0.9999988905 0.0177307970
0.9999999119 0.0002566217 0.0003321093 0.0203488534 -0.0002571140 0.9999988672 0.0014830700 0.0130948773 -0.0003317283 -0.0014831553 0.9999988451 0.0188756403
0.9999999195 0.0001510442 0.0003716017 0.0133597216 -0.0001515533 0.9999990494 0.0013705051 0.0129377691 -0.0003713944 -0.0013705613 0.9999989918 0.0193526753
0.9999999325 0.0001572887 0.0003319214 0.0209720380 -0.0001577216 0.9999991365 0.0013046221 0.0205592928 -0.0003317159 -0.0013046744 0.9999990939 0.0181377978
0.9999999431 -0.0000066509 0.0003372227 0.0153158373 0.0000061776 0.9999990151 0.0014034834 0.0151031949 -0.0003372317 -0.0014034813 0.9999989583 0.0226842505
0.9999998403 0.0000428578 0.0005634606 0.0168965098 -0.0000436192 0.9999990861 0.0013512511 0.0166322066 -0.0005634022 -0.0013512755 0.9999989283 0.0178042803
0.9999999636 0.0001192149 0.0002421274 0.0225494495 -0.0001195190 0.9999992034 0.0012565622 0.0155255072 -0.0002419774 -0.0012565911 0.9999991812 0.0139907136
0.9999999345 0.0001519139 0.0003284533 0.0203440266 -0.0001523967 0.9999989075 0.0014703235 0.0074330551 -0.0003282296 -0.0014703734 0.9999988651 0.0180008411
0.9999999864 0.0001563731 0.0000517827 0.0185019862 -0.0001564341 0.9999992908 0.0011806776 0.0061887847 -0.0000515980 -0.0011806857 0.9999993017 0.0120131430
0.9999999946 0.0000613157 0.0000842104 0.0122181920 -0.0000614213 0.9999992108 0.0012548445 0.0075100408 -0.0000841334 -0.0012548496 0.9999992091 0.0198047006
0.9999998701 0.0002964922 0.0004146384 0.0153808706 -0.0002970726 0.9999989755 0.0014002804 0.0129943010 -0.0004142228 -0.0014004034 0.9999989336 0.0197246906
0.9999998022 0.0001815890 0.0006021563 0.0175254371 -0.0001824610 0.9999989346 0.0014482617 0.0154223838 -0.0006018926 -0.0014483713 0.9999987700 0.0167974309
0.9999998636 0.0000525548 0.0005196567 0.0130687868 -0.0000533618 0.9999987926 0.0015530612 0.0117296353 -0.0005195744 -0.0015530887 0.9999986590 0.0211078243
0.9999998638 0.0002737286 0.0004444514 0.0183739212 -0.0002742853 0.9999991776 0.0012527982 0.0138213404 -0.0004441081 -0.0012529199 0.9999991165 0.0170520020
0.9999998797 0.0002674635 0.0004111953 0.0162388348 -0.0002680117 0.9999990748 0.0013335951 0.0182099288 -0.0004108382 -0.0013337052 0.9999990262 0.0220608706
0.9999998741 0.0002453662 0.0004377074 0.0106747581 -0.0002459455 0.9999990933 0.0013239393 0.0131456561 -0.0004373822 -0.0013240468 0.9999990278 0.0153820370
0.9999999313 0.0001140214 0.0003528118 0.0065201969 -0.0001144631 0.9999992096 0.0012521015 0.0142339723 -0.0003526687 -0.0012521418 0.9999991539 0.0107065188
0.9999998049 0.0003452260 0.0005206149 0.0053157644 -0.0003459694 0.9999989197 0.0014286082 0.0140507492 -0.0005201211 -0.0014287880 0.9999988440 0.0123208781
0.9999998796 0.0002036572 0.0004464986 0.0080850137 -0.0002041629 0.9999993377 0.0011326943 0.0118890407 -0.0004462676 -0.0011327854 0.9999992588 0.0057354688
0.9999999081 0.0002574363 0.0003428035 0.0013893241 -0.0002579913 0.9999986546 0.0016199696 0.0175802059 -0.0003423860 -0.0016200579 0.9999986291 0.0111555068
0.9999998301 0.0002589171 0.0005222237 0.0071589225 -0.0002596557 0.9999989654 0.0014148665 0.0156918740 -0.0005218569 -0.0014150019 0.9999988627 0.0061889570
0.9999998903 0.0002676778 0.0003842568 0.0026048102 -0.0002681604 0.9999991747 0.0012564525 0.0187725153 -0.0003839202 -0.0012565555 0.9999991368 0.0073447471
0.9999999298 0.0001821659 0.0003275840 0.0020624471 -0.0001826334 0.9999989641 0.0014277099 0.0165853214 -0.0003273236 -0.0014277697 0.9999989272 0.0099252028
0.9999999146 0.0001670780 0.0003779492 0.0032644524 -0.0001675876 0.9999990767 0.0013485225 0.0128347723 -0.0003777236 -0.0013485857 0.9999990193 0.0061541326
0.9999998563 0.0002504627 0.0004739430 0.0029656008 -0.0002510432 0.9999992181 0.0012250830 0.0150162487 -0.0004736358 -0.0012252018 0.9999991373 0.0050470902
0.9999998685 0.0001668636 0.0004849954 0.0016713539 -0.0001675516 0.9999989792 0.0014189750 0.0186116938 -0.0004847581 -0.0014190561 0.9999988756 0.0070599070
0.9999999534 0.0002417237 0.0001865426 0.0019398349 -0.0002419813 0.9999990153 0.0013823199 0.0161632639 -0.0001862082 -0.0013823650 0.9999990272 0.0093604015
0.9999998232 0.0002028829 0.0005589649 0.0059589750 -0.0002036321 0.9999990805 0.0013406962 0.0107206540 -0.0005586923 -0.0013408098 0.9999989450 0.0039418398
0.9999998659 0.0002131332 0.0004719771 0.0057362644 -0.0002138912 0.9999986864 0.0016066972 0.0173978255 -0.0004716341 -0.0016067980 0.9999985979 0.0065171832
0.9999999051 0.0002001150 0.0003868629 0.0019314313 -0.0002006816 0.9999989065 0.0014651937 0.0208591594 -0.0003865692 -0.0014652712 0.9999988518 0.0079985293
0.9999997975 0.0003229916 0.0005484055 0.0007655957 -0.0003239446 0.9999984364 0.0017384852 0.0223731642 -0.0005478432 -0.0017386625 0.9999983385 0.0106936479
0.9999998727 0.0002511922 0.0004375042 0.0029359427 -0.0002518493 0.9999988397 0.0015023988 0.0187388648 -0.0004371263 -0.0015025088 0.9999987757 0.0031314326
0.9999999334 0.0001570599 0.0003294503 0.0036907884 -0.0001575649 0.9999988120 0.0015333781 0.0169478662 -0.0003292091 -0.0015334299 0.9999987701 0.0080440984
0.9999999785 0.0001488310 0.0001445598 -0.0020395568 -0.0001490302 0.9999990386 0.0013786147 0.0181789471 -0.0001443544 -0.0013786362 0.9999990393 0.0068326126
0.9999996837 0.0003378826 0.0007200612 0.0016060257 -0.0003390848 0.9999985478 0.0016701441 0.0184153353 -0.0007194959 -0.0016703877 0.9999983461 0.0067649269
0.9999996716 0.0003404226 0.0007354032 0.0071701851 -0.0003414722 0.9999989227 0.0014275519 0.0174733056 -0.0007349165 -0.0014278026 0.9999987106 0.0020594573
0.9999998722 0.0002583337 0.0004345400 0.0004833206 -0.0002590211 0.9999987143 0.0015825186 0.0236935592 -0.0004341306 -0.0015826310 0.9999986534 0.0079451886
0.9999999245 0.0001476261 0.0003594737 0.0025128574 -0.0001480601 0.9999992598 0.0012076613 0.0161278300 -0.0003592952 -0.0012077144 0.9999992062 0.0026643499
0.9999998979 0.0002638193 0.0003669171 0.0009002061 -0.0002643969 0.9999987247 0.0015750131 0.0168897040 -0.0003665011 -0.0015751099 0.9999986924 0.0085536893
0.9999999396 0.0001717985 0.0003019712 0.0024333645 -0.0001721789 0.9999991916 0.0012598568 0.0141356853 -0.0003017545 -0.0012599087 0.9999991608 0.0024101619
0.9999998727 0.0001248424 0.0004889397 0.0007893906 -0.0001254988 0.9999990907 0.0013427273 0.0177884668 -0.0004887717 -0.0013427885 0.9999989790 0.0087754194
0.9999999684 0.0000305747 0.0002495260 0.0007434458 -0.0000308611 0.9999993408 0.0011477908 0.0182082458 -0.0002494908 -0.0011477984 0.9999993102 0.0075063374
0.9999999485 0.0000785428 0.0003113327 0.0026161727 -0.0000790635 0.9999985977 0.0016728026 0.0195237742 -0.0003112009 -0.0016728271 0.9999985524 0.0068756295
0.9999999403 0.0002175215 0.0002685641 -0.0012949760 -0.0002179253 0.9999988448 0.0015042644 0.0184142926 -0.0002682366 -0.0015043229 0.9999988325 0.0059559722
0.9999997960 0.0003751091 0.0005170126 0.0039386426 -0.0003758887 0.9999987913 0.0015086701 0.0178586281 -0.0005164461 -0.0015088641 0.9999987283 0.0047513868
0.9999999056 0.0001875558 0.0003920735 0.0032874125 -0.0001880442 0.9999992061 0.0012459953 0.0150406523 -0.0003918395 -0.0012460690 0.9999991469 0.0059652796
0.9999999176 0.0001698112 0.0003686497 -0.0003546898 -0.0001703381 0.9999989636 0.0014295843 0.0147775084 -0.0003684065 -0.0014296470 0.9999989102 0.0086601678
0.9999998897 0.0001013542 0.0004585659 0.0042199101 -0.0001018732 0.9999993542 0.0011319517 0.0154320284 -0.0004584508 -0.0011319983 0.9999992542 0.0031382279
0.9999999203 0.0000535534 0.0003955721 0.0001698094 -0.0000541754 0.9999987624 0.0015723733 0.0199058863 -0.0003954874 -0.0015723946 0.9999986856 0.0100400998
0.9999998920 0.0003287420 0.0003286766 0.0015504326 -0.0003292748 0.9999986301 0.0016221344 0.0140637950 -0.0003281429 -0.0016222424 0.9999986303 0.0058305630
0.9999999608 0.0001421823 0.0002412774 -0.0008889986 -0.0001425699 0.9999986979 0.0016074294 0.0193370195 -0.0002410485 -0.0016074637 0.9999986790 0.0070192850
0.9999999143 0.0001346348 0.0003914164 -0.0025012307 -0.0001353027 0.9999985338 0.0017070666 0.0215370279 -0.0003911860 -0.0017071194 0.9999984664 0.0096785875
0.9999997868 0.0002118053 0.0006176150 0.0043403550 -0.0002128173 0.9999986343 0.0016389487 0.0216852154 -0.0006172670 -0.0016390798 0.9999984662 0.0048450136
0.9999998535 0.0001852900 0.0005086747 0.0030479111 -0.0001859624 0.9999991085 0.0013222434 0.0159148522 -0.0005084293 -0.0013223378 0.9999989965 0.0078243507
0.9999999637 0.0002417091 0.0001188066 -0.0026568548 -0.0002418464 0.9999993013 0.0011571522 0.0135239039 -0.0001185268 -0.0011571809 0.9999993234 0.0070827287
0.9999998818 0.0002913053 0.0003892639 0.0033476919 -0.0002917828 0.9999992043 0.0012272753 0.0108367092 -0.0003889060 -0.0012273888 0.9999991711 0.0068806293
0.9999996516 0.0004865980 0.0006781951 0.0036496125 -0.0004877085 0.9999985391 0.0016382565 0.0176542907 -0.0006773970 -0.0016385867 0.9999984281 0.0051643581
0.9999998351 0.0002067847 0.0005357358 0.0061770973 -0.0002075842 0.9999988643 0.0014927388 0.0157423880 -0.0005354265 -0.0014928498 0.9999987424 0.0060253263
0.9999998914 0.0001266358 0.0004484248 0.0028395055 -0.0001271710 0.9999992797 0.0011935096 0.0102156603 -0.0004482734 -0.0011935665 0.9999991872 0.0025120279
0.9999999420 0.0001410505 0.0003100948 -0.0004081779 -0.0001414130 0.9999993064 0.0011692456 0.0116909153 -0.0003099297 -0.0011692894 0.9999992684 0.0056051909
0.9999998279 0.0004309915 0.0003981739 0.0028699614 -0.0004315703 0.9999988488 0.0014546895 0.0132558873 -0.0003975465 -0.0014548611 0.9999988627 0.0040458083
0.9999999363 0.0001829638 0.0003065088 0.0026078331 -0.0001833800 0.9999990606 0.0013583833 0.0120214013 -0.0003062600 -0.0013584394 0.9999990304 0.0029972938
0.9999998716 -0.0000161631 0.0005064303 0.0024138296 0.0000155674 0.9999993080 0.0011763473 0.0124462629 -0.0005064489 -0.0011763392 0.9999991799 0.0023003497
0.9999998969 0.0003700566 0.0002630409 0.0006422187 -0.0003703823 0.9999991636 0.0012392211 0.0180750025 -0.0002625821 -0.0012393184 0.9999991976 0.0053372820
0.9999998406 0.0002483599 0.0005069778 0.0027520829 -0.0002489581 0.9999992727 0.0011801183 0.0144423079 -0.0005066844 -0.0011802443 0.9999991751 0.0035318772
0.9999999650 0.0002200241 0.0001466568 0.0012958647 -0.0002202319 0.9999989705 0.0014179318 0.0151204920 -0.0001463447 -0.0014179640 0.9999989840 0.0059455732
0.9999998673 0.0003273839 0.0003978891 0.0033518270 -0.0003279914 0.9999987792 0.0015277659 0.0197196290 -0.0003973884 -0.0015278962 0.9999987538 0.0010312758
0.9999998620 0.0000118898 0.0005252305 0.0062938850 -0.0000126452 0.9999989657 0.0014382354 0.0147522302 -0.0005252129 -0.0014382418 0.9999988278 0.0036137371
0.9999999853 -0.0001161931 0.0001258093 -0.0040162201 0.0001160755 0.9999995567 0.0009344183 0.0165899379 -0.0001259179 -0.0009344036 0.9999995555 0.0014457714
0.9999999710 0.0000459338 0.0002365041 0.0005705940 -0.0000461895 0.9999994143 0.0010812861 0.0095211225 -0.0002364543 -0.0010812970 0.9999993874 0.0011685420
0.9999998752 0.0002635463 0.0004245463 0.0030075261 -0.0002641159 0.9999990644 0.0013422144 0.0183037602 -0.0004241922 -0.0013423264 0.9999990091 0.0016673841
0.9999998512 0.0003443385 0.0004230402 0.0048932974 -0.0003449237 0.9999989825 0.0013842022 0.0146883058 -0.0004225632 -0.0013843480 0.9999989525 0.0071504138
0.9999998442 0.0002853441 0.0004797763 0.0017929251 -0.0002859994 0.9999990256 0.0013663719 0.0175969351 -0.0004793859 -0.0013665089 0.9999989514 0.0019729303
0.9999998637 0.0002037482 0.0004807583 0.0016674223 -0.0002044108 0.9999990288 0.0013785920 0.0162323122 -0.0004804770 -0.0013786901 0.9999989342 0.0066263975
0.9999997869 0.0004501223 0.0004729384 0.0054790043 -0.0004506981 0.9999991564 0.0012182113 0.0149460616 -0.0004723897 -0.0012184242 0.9999991461 0.0027993704
0.9999999026 0.0003560971 0.0002608806 -0.0016757631 -0.0003565236 0.9999985973 0.0016365281 0.0157460407 -0.0002602974 -0.0016366209 0.9999986269 0.0075652119
0.9999998105 0.0003329383 0.0005178182 0.0013551239 -0.0003337765 0.9999986330 0.0016194586 0.0174817645 -0.0005172783 -0.0016196311 0.9999985546 0.0020825616
0.9999996470 0.0003494492 0.0007640920 0.0036730428 -0.0003508320 0.9999982997 0.0018103895 0.0214667710 -0.0007634581 -0.0018106569 0.9999980693 0.0059712066
0.9999998624 0.0003141901 0.0004201829 0.0027402125 -0.0003147094 0.9999991864 0.0012362072 0.0123794648 -0.0004197942 -0.0012363393 0.9999991476 0.0021822381
0.9999999381 0.0002861516 0.0002046358 -0.0016866218 -0.0002864482 0.9999989059 0.0014512424 0.0149485275 -0.0002042203 -0.0014513009 0.9999989260 0.0088016001
0.9999999096 0.0001889311 0.0003808133 0.0030825840 -0.0001894518 0.9999990466 0.0013677782 0.0130431713 -0.0003805545 -0.0013678503 0.9999989921 0.0008693290
0.9999998896 0.0001742440 0.0004363780 -0.0001660637 -0.0001749065 0.9999988316 0.0015185927 0.0189755088 -0.0004361129 -0.0015186689 0.9999987517 0.0044612000
0.9999998664 0.0000699621 0.0005122058 0.0021277295 -0.0000706588 0.9999990723 0.0013603273 0.0209334903 -0.0005121102 -0.0013603633 0.9999989436 0.0034589406
0.9999998676 0.0001870339 0.0004793268 0.0006815277 -0.0001877731 0.9999987924 0.0015427115 0.0160322965 -0.0004790377 -0.0015428013 0.9999986951 0.0029663855
0.9999998821 0.0001119883 0.0004724761 0.0000580595 -0.0001126649 0.9999989679 0.0014322843 0.0148449445 -0.0004723152 -0.0014323374 0.9999988627 0.0035674441
0.9999999484 0.0001743452 0.0002698020 0.0000632023 -0.0001747617 0.9999987916 0.0015447202 0.0183696197 -0.0002695324 -0.0015447673 0.9999987705 0.0041932940
0.9999999144 0.0000538966 0.0004103049 -0.0015382675 -0.0000545414 0.9999987633 0.0015717832 0.0178818608 -0.0004102197 -0.0015718054 0.9999986806 0.0016339565
0.9999999620 0.0000366825 0.0002731133 -0.0018793321 -0.0000370330 0.9999991758 0.0012834007 0.0113476692 -0.0002730660 -0.0012834107 0.9999991391 0.0032288843
0.9999999690 0.0001339479 0.0002097767 0.0009092059 -0.0001342639 0.9999988555 0.0015069898 0.0173022028 -0.0002095746 -0.0015070179 0.9999988425 0.0062318067
0.9999998148 0.0003070249 0.0005255077 0.0030220020 -0.0003078532 0.9999987092 0.0015769658 0.0179378432 -0.0005250229 -0.0015771273 0.9999986185 0.0026651228
0.9999998727 0.0001384878 0.0004852336 0.0028297942 -0.0001392144 0.9999988687 0.0014977585 0.0163230736 -0.0004850257 -0.0014978259 0.9999987606 0.0002216174
0.9999999602 0.0000025721 0.0002820344 -0.0008115546 -0.0000030144 0.9999987701 0.0015684028 0.0232049216 -0.0002820301 -0.0015684036 0.9999987303 0.0089026899
0.9999999595 0.0000663829 0.0002766622 -0.0011882591 -0.0000667568 0.9999990846 0.0013514034 0.0190796378 -0.0002765723 -0.0013514218 0.9999990486 0.0046576742
0.9999999258 -0.0001581414 0.0003512257 -0.0015977773 0.0001576622 0.9999990574 0.0013639596 0.0152248801 -0.0003514410 -0.0013639041 0.9999990081 0.0045237025
0.9999999953 0.0000152126 0.0000955021 -0.0018681230 -0.0000153345 0.9999991853 0.0012764011 0.0156876842 -0.0000954826 -0.0012764025 0.9999991808 0.0043501281
0.9999998609 0.0001534329 0.0005046496 0.0012337138 -0.0001541580 0.9999989553 0.0014372215 0.0150196840 -0.0005044285 -0.0014372991 0.9999988399 0.0003472250
0.9999998715 0.0000785975 0.0005008659 0.0042115770 -0.0000792249 0.9999992121 0.0012528010 0.0129038443 -0.0005007670 -0.0012528405 0.9999990898 0.0024383501
0.9999998961 0.0002318587 0.0003923801 -0.0022179765 -0.0002324646 0.9999987799 0.0015446917 0.0170212618 -0.0003920215 -0.0015447828 0.9999987300 0.0052308247
0.9999999541 -0.0001022797 0.0002852526 0.0014378199 0.0001019044 0.9999991295 0.0013155506 0.0168924776 -0.0002853869 -0.0013155215 0.9999990940 0.0018014024
0.9999999794 0.0001673458 0.0001145127 -0.0008914175 -0.0001674837 0.9999992597 0.0012052145 0.0122123916 -0.0001143110 -0.0012052337 0.9999992672 0.0016807432
0.9999999878 0.0001089845 0.0001121422 0.0029860739 -0.0001091276 0.9999991788 0.0012769364 0.0107997343 -0.0001120030 -0.0012769486 0.9999991784 0.0056652206
0.9999998639 0.0001137008 0.0005092536 0.0027611810 -0.0001143170 0.9999992614 0.0012100210 0.0137639987 -0.0005091157 -0.0012100791 0.9999991383 0.0039704344
0.9999997835 0.0000639516 0.0006549150 0.0012332313 -0.0000648278 0.9999991028 0.0013379548 0.0168285094 -0.0006548289 -0.0013379970 0.9999988905 0.0020311795
0.9999998716 -0.0000467999 0.0005045476 -0.0000422732 0.0000461719 0.9999992244 0.0012445771 0.0104985117 -0.0005046055 -0.0012445537 0.9999990982 -0.0001584716
0.9999998781 -0.0000821541 0.0004868428 0.0026351017 0.0000814679 0.9999990036 0.0014093011 0.0142496993 -0.0004869581 -0.0014092613 0.9999988884 0.0033331588
0.9999999381 0.0000698007 0.0003449914 -0.0010664724 -0.0000703716 0.9999986278 0.0016551457 0.0212255839 -0.0003448754 -0.0016551698 0.9999985707 0.0072063381
0.9999999560 0.0000345272 0.0002945242 0.0027338911 -0.0000349296 0.9999990658 0.0013664456 0.0195430353 -0.0002944767 -0.0013664558 0.9999990230 0.0074429973
0.9999998889 -0.0000204550 0.0004708893 0.0016560369 0.0000198131 0.9999990706 0.0013632181 0.0160491701 -0.0004709168 -0.0013632086 0.9999989599 0.0052600974
0.9999999591 0.0001258403 0.0002568958 0.0007095326 -0.0001260985 0.9999994865 0.0010055255 0.0120091505 -0.0002567691 -0.0010055578 0.9999994615 0.0006046429
0.9999999902 0.0001334642 0.0000432982 -0.0030559396 -0.0001335100 0.9999994291 0.0010601927 0.0087452221 -0.0000431567 -0.0010601985 0.9999994371 0.0083068863
0.9999998448 0.0001105700 0.0005461233 0.0010095888 -0.0001113955 0.9999988513 0.0015116449 0.0218451000 -0.0005459556 -0.0015117055 0.9999987083 0.0009025515
0.9999999114 0.0000944639 0.0004102659 -0.0042346590 -0.0000951192 0.9999987195 0.0015974584 0.0169159381 -0.0004101145 -0.0015974973 0.9999986399 0.0047067863
0.9999999790 -0.0000379147 0.0002015560 -0.0022006667 0.0000376650 0.9999992319 0.0012388647 0.0158124847 -0.0002016028 -0.0012388571 0.9999992123 0.0054799864
0.9999998456 0.0001057450 0.0005455190 -0.0021680009 -0.0001065417 0.9999989275 0.0014606679 0.0179429233 -0.0005453639 -0.0014607258 0.9999987844 0.0071534964
0.9999999847 0.0000509525 0.0001674679 -0.0002483294 -0.0000512343 0.9999985821 0.0016832322 0.0219701096 -0.0001673819 -0.0016832408 0.9999985693 0.0056879353
0.9999999324 0.0000732070 0.0003602069 -0.0015508492 -0.0000737631 0.9999988055 0.0015439077 0.0177469687 -0.0003600935 -0.0015439341 0.9999987433 0.0027557814
0.9999998699 -0.0001570169 0.0004854007 -0.0003340214 0.0001562953 0.9999988831 0.0014863632 0.0140161860 -0.0004856335 -0.0014862872 0.9999987776 0.0078727656
0.9999997870 -0.0000712756 0.0006487110 0.0038427486 0.0000703963 0.9999990789 0.0013554658 0.0196717075 -0.0006488070 -0.0013554198 0.9999988709 0.0018408439
0.9999999444 -0.0000362911 0.0003314418 -0.0020614648 0.0000358186 0.9999989837 0.0014252286 0.0150676316 -0.0003314932 -0.0014252167 0.9999989294 0.0080237945
0.9999999674 0.0000835203 0.0002414732 0.0014075621 -0.0000838412 0.9999991133 0.0013290371 0.0139024682 -0.0002413620 -0.0013290573 0.9999990877 0.0036741843
0.9999999150 0.0003129700 0.0002684287 -0.0011228659 -0.0003133471 0.9999989629 0.0014057139 0.0154031505 -0.0002679885 -0.0014057979 0.9999989760 0.0045857298
0.9999999257 0.0000370044 0.0003835767 -0.0006800550 -0.0000375925 0.9999988237 0.0015333282 0.0221214814 -0.0003835195 -0.0015333425 0.9999987509 0.0049076018
0.9999999350 -0.0000273130 0.0003596329 -0.0024341324 0.0000268058 0.9999990052 0.0014102676 0.0176136700 -0.0003596710 -0.0014102579 0.9999989409 0.0039206495
0.9999999587 0.0000845825 0.0002745980 0.0007575855 -0.0000849365 0.9999991648 0.0012896446 0.0159018890 -0.0002744887 -0.0012896679 0.9999991307 0.0059346117
0.9999998418 0.0002527776 0.0005025772 0.0007021574 -0.0002535572 0.9999987636 0.0015519075 0.0152333773 -0.0005021843 -0.0015520347 0.9999986695 0.0069896551
0.9999999629 0.0001377670 0.0002351882 0.0034895842 -0.0001380465 0.9999992837 0.0011888997 0.0121174364 -0.0002350242 -0.0011889321 0.9999992656 0.0036308679
0.9999997305 -0.0000415461 0.0007329447 0.0045762112 0.0000405999 0.9999991659 0.0012909319 0.0158855661 -0.0007329977 -0.0012909018 0.9999988981 -0.0012784650
0.9999998470 0.0001277334 0.0005381331 0.0019900104 -0.0001283569 0.9999993204 0.0011587671 0.0127697188 -0.0005379848 -0.0011588360 0.9999991838 -0.0005146858
0.9999998581 0.0003389723 0.0004110391 0.0023321925 -0.0003394807 0.9999991767 0.0012374830 0.0117333567 -0.0004106193 -0.0012376223 0.9999991498 0.0053940540
0.9999998340 0.0002577384 0.0005153847 0.0054919459 -0.0002584735 0.9999989487 0.0014268072 0.0133122453 -0.0005150164 -0.0014269401 0.9999988493 -0.0016483767
0.9999999946 0.0000323835 0.0000988686 -0.0014661694 -0.0000325212 0.9999990289 0.0013932779 0.0153063617 -0.0000988234 -0.0013932811 0.9999990245 0.0007093284
0.9999999295 -0.0000840680 0.0003658683 0.0029513177 0.0000835094 0.9999988315 0.0015264717 0.0209530709 -0.0003659962 -0.0015264411 0.9999987680 0.0009126037
0.9999998850 0.0002934686 0.0003793755 0.0000975468 -0.0002939282 0.9999992226 0.0012118151 0.0183044063 -0.0003790195 -0.0012119265 0.9999991938 0.0012595301
0.9999999283 0.0001422740 0.0003508451 0.0015690237 -0.0001426152 0.9999995169 0.0009726029 0.0068949481 -0.0003507066 -0.0009726529 0.9999994655 0.0020611114
0.9999997996 0.0001339695 0.0006187489 0.0001364543 -0.0001348993 0.9999988614 0.0015029788 0.0124613249 -0.0006185468 -0.0015030620 0.9999986791 0.0014839681
0.9999998854 -0.0000032621 0.0004786678 -0.0002609527 0.0000023875 0.9999983310 0.0018270402 0.0195295186 -0.0004786729 -0.0018270388 0.9999982164 0.0026583115
0.9999999491 0.0000448907 0.0003159990 0.0029086646 -0.0000452823 0.9999992312 0.0012392060 0.0107297030 -0.0003159431 -0.0012392203 0.9999991823 0.0001322573
0.9999999735 0.0000293928 0.0002284283 -0.0041516809 -0.0000296665 0.9999992812 0.0011986044 0.0129445731 -0.0002283929 -0.0011986111 0.9999992556 0.0016577878
0.9999999965 -0.0000211254 0.0000806711 -0.0046338603 0.0000210245 0.9999992175 0.0012508223 0.0180085123 -0.0000806975 -0.0012508206 0.9999992145 0.0023768367
0.9999998765 -0.0000341922 0.0004958608 -0.0016732090 0.0000334775 0.9999989609 0.0014412051 0.0174830660 -0.0004959096 -0.0014411883 0.9999988385 0.0039310257
0.9999999378 0.0000259172 0.0003517758 0.0013856383 -0.0000263863 0.9999991105 0.0013335106 0.0185261251 -0.0003517410 -0.0013335198 0.9999990490 0.0042908630
0.9999999151 0.0000317490 0.0004109522 0.0030869113 -0.0000322767 0.9999991748 0.0012842597 0.0122756828 -0.0004109110 -0.0012842728 0.9999990909 0.0030009548
0.9999999435 0.0001497375 0.0003008821 -0.0014434555 -0.0001501263 0.9999991530 0.0012928640 0.0139151456 -0.0003006883 -0.0012929091 0.9999991190 -0.0003160894
0.9999998500 -0.0001234181 0.0005336229 0.0028005590 0.0001227656 0.9999992449 0.0012227426 0.0151125256 -0.0005337734 -0.0012226770 0.9999991101 0.0025809753
0.9999999566 0.0001223950 0.0002681333 -0.0015529439 -0.0001227371 0.9999991783 0.0012760714 0.0103260246 -0.0002679769 -0.0012761043 0.9999991499 0.0048494967
0.9999999812 0.0000708283 0.0001804241 0.0038100372 -0.0000710423 0.9999992938 0.0011863407 0.0118824950 -0.0001803400 -0.0011863535 0.9999992800 0.0019949015
0.9999999244 0.0001196427 0.0003699717 0.0020227486 -0.0001201339 0.9999991108 0.0013281419 0.0144433195 -0.0003698125 -0.0013281862 0.9999990496 0.0039927615
0.9999999598 0.0001962044 0.0002045110 0.0013366228 -0.0001964419 0.9999993056 0.0011619884 0.0101403047 -0.0002042829 -0.0011620286 0.9999993040 0.0036844737
0.9999998553 0.0000710471 0.0005332908 0.0012159268 -0.0000718749 0.9999987926 0.0015523030 0.0173202995 -0.0005331799 -0.0015523411 0.9999986530 0.0033084089
0.9999999767 0.0000556440 0.0002085394 -0.0006510307 -0.0000559881 0.9999986362 0.0016505813 0.0146903512 -0.0002084473 -0.0016505930 0.9999986160 0.0019464707
0.9999999164 0.0002396834 0.0003312467 0.0012020058 -0.0002402471 0.9999985211 0.0017029629 0.0186314781 -0.0003308380 -0.0017030423 0.9999984951 0.0031235882
0.9999998990 0.0002659687 0.0003621968 0.0018536081 -0.0002664008 0.9999992523 0.0011935328 0.0119716620 -0.0003618791 -0.0011936292 0.9999992221 0.0030371800
0.9999998507 0.0003092646 0.0004505437 0.0017961487 -0.0003098418 0.9999991308 0.0012815726 0.0135235206 -0.0004501470 -0.0012817120 0.9999990773 0.0034577601
0.9999999356 0.0000509651 0.0003552112 0.0008303648 -0.0000514265 0.9999991550 0.0012989591 0.0140968042 -0.0003551447 -0.0012989773 0.9999990933 0.0061126766
0.9999999668 0.0000122670 0.0002574261 -0.0038556634 -0.0000126366 0.9999989689 0.0014359848 0.0150140845 -0.0002574082 -0.0014359880 0.9999989358 0.0028278545
0.9999999701 -0.0000243410 0.0002433385 -0.0009486479 0.0000239909 0.9999989647 0.0014387690 0.0131567344 -0.0002433732 -0.0014387631 0.9999989354 0.0052907628
0.9999998359 0.0000991045 0.0005642654 -0.0005240099 -0.0001000635 0.9999985501 0.0016999112 0.0181772386 -0.0005640962 -0.0016999674 0.9999983960 0.0012850476
0.9999999338 0.0001157874 0.0003450840 0.0017465659 -0.0001162052 0.9999992601 0.0012108943 0.0069042222 -0.0003449436 -0.0012109343 0.9999992073 -0.0000243926
0.9999998459 0.0003288630 0.0004472539 0.0007534202 -0.0003294999 0.9999989306 0.0014248461 0.0153859477 -0.0004467848 -0.0014249933 0.9999988849 0.0046435548
0.9999997915 0.0000693418 0.0006420681 0.0050304822 -0.0000701272 0.9999992492 0.0012233536 0.0074168710 -0.0006419828 -0.0012233983 0.9999990456 0.0020950378
0.9999999517 0.0002348800 0.0002035880 -0.0032438479 -0.0002351196 0.9999992790 0.0011776253 0.0108490890 -0.0002033113 -0.0011776731 0.9999992859 0.0072151047
0.9999996503 0.0006404449 0.0005377556 0.0093860737 -0.0006412261 0.9999987375 0.0014538925 0.0020587250 -0.0005368238 -0.0014542368 0.9999987985 0.0123413923
0.9999995583 -0.0005665494 0.0007498885 0.0011704202 0.0005653000 0.9999984535 0.0016653338 0.0167127478 -0.0007508308 -0.0016649092 0.9999983322 0.0009079451
0.9999999361 0.0003569977 -0.0000173464 -0.0076893160 -0.0003569763 0.9999991974 0.0012156237 0.0136764971 0.0000177803 -0.0012156174 0.9999992610 0.0006154683
0.9999998250 0.0004006969 0.0004351796 0.0075591199 -0.0004011811 0.9999993000 0.0011130907 0.0055446917 -0.0004347333 -0.0011132651 0.9999992858 0.0012315088
0.9999998021 -0.0005369127 0.0003280468 -0.0043221563 0.0005364711 0.9999989519 0.0013447705 0.0226627622 -0.0003287685 -0.0013445943 0.9999990420 -0.0011661521
0.9999999042 0.0003557269 0.0002550399 -0.0029605114 -0.0003560898 0.9999989225 0.0014241319 0.0150970377 -0.0002545331 -0.0014242226 0.9999989534 0.0070105926
0.9999998637 0.0002609322 0.0004521961 0.0045814120 -0.0002615641 0.9999989886 0.0013980071 0.0199563823 -0.0004518308 -0.0013981252 0.9999989205 0.0045210114
0.9999998500 -0.0000830781 0.0005414427 0.0048592910 0.0000823814 0.9999991688 0.0012867115 0.0173193807 -0.0005415491 -0.0012866667 0.9999990256 0.0028039988
0.9999997123 0.0006507161 0.0003899467 0.0032139289 -0.0006512194 0.9999989534 0.0012919683 0.0190492570 -0.0003891056 -0.0012922218 0.9999990894 -0.0024618533
0.9999997716 0.0006324643 0.0002383363 0.0055256862 -0.0006328219 0.9999986697 0.0015033443 0.0212244718 -0.0002373852 -0.0015034948 0.9999988416 0.0023794841
0.9999999727 0.0002250571 -0.0000626213 -0.0086810273 -0.0002249765 0.9999991499 0.0012843453 0.0262842465 0.0000629103 -0.0012843312 0.9999991733 0.0001339377
0.9999999712 0.0002309102 -0.0000656202 -0.0097550012 -0.0002308400 0.9999994025 0.0010684814 0.0218262455 0.0000658669 -0.0010684663 0.9999994270 -0.0044047223
0.9999999829 0.0000458709 0.0001788935 0.0027562948 -0.0000460891 0.9999992550 0.0012198235 0.0135951846 -0.0001788374 -0.0012198317 0.9999992400 0.0017552556
0.9999999113 0.0004170103 0.0000593330 -0.0014678703 -0.0004170978 0.9999988148 0.0014820268 0.0251999544 -0.0000587149 -0.0014820514 0.9999989000 0.0050981430
0.9999999245 0.0003702494 0.0001175369 0.0039709108 -0.0003703785 0.9999993259 0.0011004882 0.0184639773 -0.0001171294 -0.0011005316 0.9999993876 0.0009396655
0.9999998330 0.0005748355 0.0000591550 0.0011453533 -0.0005749032 0.9999991727 0.0011506643 0.0302762306 -0.0000584935 -0.0011506981 0.9999993362 -0.0008493370
0.9999998310 0.0005276223 -0.0002442602 0.0037690418 -0.0005272641 0.9999987895 0.0014639270 0.0284929571 0.0002450323 -0.0014637979 0.9999988986 0.0192920789
0.9999994896 0.0008601743 -0.0005300076 0.0002737862 -0.0008594048 0.9999985789 0.0014504025 0.0314236740 0.0005312544 -0.0014499463 0.9999988077 0.0157252661
0.9999998192 0.0005597306 -0.0002199122 0.0053365723 -0.0005593585 0.9999984179 0.0016885605 0.0235829575 0.0002208570 -0.0016884372 0.9999985502 0.0150009828
0.9999999841 0.0001649878 0.0000680682 0.0057980880 -0.0001650866 0.9999989289 0.0014542922 0.0274084130 -0.0000678282 -0.0014543034 0.9999989402 0.0040900814
0.9999999668 0.0001189575 0.0002286942 -0.0037336461 -0.0001192962 0.9999988953 0.0014816374 0.0249805378 -0.0002285177 -0.0014816647 0.9999988762 0.0010731499
0.9999998165 0.0004144266 0.0004418771 0.0000452023 -0.0004150698 0.9999988529 0.0014566707 0.0183402405 -0.0004412729 -0.0014568539 0.9999988414 -0.0019235857
0.9999997529 0.0007025323 0.0000258416 0.0042311455 -0.0007025615 0.9999990916 0.0011502948 0.0222626700 -0.0000250335 -0.0011503127 0.9999993381 0.0008956431
0.9999998998 0.0004466626 0.0000298915 0.0066512587 -0.0004467034 0.9999989521 0.0013770515 0.0246210337 -0.0000292764 -0.0013770647 0.9999990514 0.0096599432
0.9999995787 0.0009117179 -0.0001067821 0.0046422389 -0.0009115803 0.9999987634 0.0012815108 0.0253025720 0.0001079503 -0.0012814129 0.9999991732 0.0072402267
0.9999999746 0.0002100517 0.0000816819 0.0013848186 -0.0002101698 0.9999989285 0.0014486998 0.0156889809 -0.0000813775 -0.0014487169 0.9999989473 0.0027237680
0.9999998188 -0.0001703317 0.0005773742 -0.0065680721 0.0001694637 0.9999988560 0.0015031070 0.0164884917 -0.0005776295 -0.0015030089 0.9999987037 -0.0088790677
0.9999990767 -0.0000482554 0.0013580154 -0.0039562219 0.0000463736 0.9999990388 0.0013857181 0.0097417843 -0.0013580809 -0.0013856539 0.9999981178 -0.0189104331
0.9999985599 -0.0001790289 0.0016876243 0.0021208157 0.0001779900 0.9999997946 0.0006157348 -0.0288572988 -0.0016877342 -0.0006154335 0.9999983864 -0.0211639867
0.9999980738 0.0002012699 0.0019524263 -0.0131290559 -0.0002034386 0.9999993625 0.0011106463 -0.0280313292 -0.0019522015 -0.0011110413 0.9999974772 -0.0196545234
0.9999978764 0.0012015387 0.0016743676 -0.0103491829 -0.0012026431 0.9999990599 0.0006587430 -0.0549442007 -0.0016735745 -0.0006607553 0.9999983813 -0.0242320920
0.9999971350 0.0016566683 0.0017278587 -0.0020575361 -0.0016578055 0.9999984101 0.0006569073 -0.0410950812 -0.0017267677 -0.0006597699 0.9999982915 -0.0180687348
0.9999971946 0.0017156785 0.0016331382 -0.0088839594 -0.0017167721 0.9999983029 0.0006684523 -0.0150791850 -0.0016319886 -0.0006712541 0.9999984430 -0.0330702883
0.9999983324 0.0013911976 0.0011830985 -0.0060742994 -0.0013920944 0.9999987441 0.0007575298 -0.0120460536 -0.0011820431 -0.0007591755 0.9999990132 -0.0337444611
0.9999991812 0.0008231042 0.0009798240 -0.0015070344 -0.0008232828 0.9999996446 0.0001819029 -0.0041452601 -0.0009796740 -0.0001827095 0.9999995034 -0.0320801651
0.9999986392 0.0007398915 0.0014744689 0.0066793238 -0.0007393150 0.9999996501 -0.0003914793 0.0262529843 -0.0014747580 0.0003903887 0.9999988363 -0.0576462997
0.9999982819 -0.0011809279 0.0014288525 -0.0311781534 0.0011829343 0.9999983145 -0.0014041947 0.0329603679 -0.0014271918 0.0014058825 0.9999979933 -0.0635404337
0.9999981517 -0.0011259839 0.0015584695 -0.0783645027 0.0011277131 0.9999987490 -0.0011091376 0.0656584206 -0.0015572186 0.0011108930 0.9999981705 -0.0608524770
0.9999981305 -0.0008472470 0.0017381458 -0.0998654765 0.0008484083 0.9999994173 -0.0006675127 0.1153241518 -0.0017375792 0.0006689861 0.9999982666 -0.0616380255
0.9999980994 -0.0015989243 0.0011155970 -0.1173523306 0.0015998320 0.9999983896 -0.0008132247 0.1344645752 -0.0011142949 0.0008150079 0.9999990471 -0.0557786595
0.9999986398 -0.0008804410 0.0013947465 -0.1042884734 0.0008815174 0.9999993140 -0.0007712981 0.1710860617 -0.0013940665 0.0007725265 0.9999987299 -0.0651690993
0.9999985621 -0.0010302739 0.0013469427 -0.0912770540 0.0010312392 0.9999992118 -0.0007161706 0.1853554655 -0.0013462038 0.0007175586 0.9999988364 -0.0665384560
0.9999989073 -0.0007755848 0.0012585143 -0.0454897243 0.0007769414 0.9999991173 -0.0010778064 0.2215006937 -0.0012576772 0.0010787830 0.9999986272 -0.0947599704
0.9999992086 -0.0004084836 0.0011899204 -0.0255822073 0.0004100276 0.9999990741 -0.0012975322 0.2322884808 -0.0011893893 0.0012980191 0.9999984502 -0.1051911285
0.9999984967 -0.0016627760 0.0004917357 -0.0189906197 0.0016640527 0.9999952165 -0.0026072726 0.1813495366 -0.0004873981 0.0026080870 0.9999964802 -0.1252398150
0.9999990795 -0.0012271551 0.0005789156 -0.0161854500 0.0012283200 0.9999972130 -0.0020162342 0.1633418209 -0.0005764397 0.0020169435 0.9999977998 -0.1053188812
0.9999997563 -0.0001972604 0.0006696462 0.0147024050 0.0001987138 0.9999976236 -0.0021710208 0.1782318415 -0.0006692164 0.0021711534 0.9999974191 -0.1035128695
0.9999988697 0.0015024465 0.0000566374 0.0260765363 -0.0015023475 0.9999974103 -0.0017094624 0.1700730853 -0.0000592056 0.0017093754 0.9999985373 -0.1013490558
0.9999968341 0.0025086908 -0.0001955626 0.0421377434 -0.0025090128 0.9999954679 -0.0016640309 0.1940037785 0.0001913872 0.0016645163 0.9999985964 -0.1043170605
0.9999969352 0.0024490638 -0.0003627823 0.0691245483 -0.0024497711 0.9999950740 -0.0019622860 0.2449980328 0.0003579748 0.0019631687 0.9999980089 -0.1319809427
0.9999971198 0.0022938161 -0.0007062195 0.0975248221 -0.0022952222 0.9999953726 -0.0019966648 0.2616962165 0.0007016362 0.0019982800 0.9999977573 -0.1419631210
0.9999988946 0.0013242052 -0.0006762831 0.1236927329 -0.0013259603 0.9999957370 -0.0026014924 0.2819326352 0.0006728353 0.0026023862 0.9999963874 -0.1501864779
0.9999999502 0.0000640678 -0.0003090807 0.1415316468 -0.0000648791 0.9999965507 -0.0026257051 0.2812570297 0.0003089114 0.0026257250 0.9999965051 -0.1371148098
0.9999985204 -0.0017168188 -0.0001081551 0.1756103605 0.0017164780 0.9999937970 -0.0030756571 0.3317282284 0.0001134347 0.0030754669 0.9999952643 -0.1576043723
0.9999922562 -0.0039147860 -0.0004025622 0.2107336241 0.0039129215 0.9999820722 -0.0045325768 0.3474985679 0.0004202991 0.0045309665 0.9999896468 -0.1920058632
0.9999878008 -0.0049384261 -0.0001006702 0.2401886001 0.0049377689 0.9999714229 -0.0057246595 0.3624100326 0.0001289382 0.0057240926 0.9999836089 -0.2229234237
0.9999880363 -0.0047959961 0.0009621199 0.2865436982 0.0048013724 0.9999724228 -0.0056657287 0.3891164187 -0.0009349205 0.0056702804 0.9999834868 -0.2511875562
0.9999845464 -0.0052040120 0.0019558153 0.3201370180 0.0052140076 0.9999731925 -0.0051408629 0.4496557760 -0.0019290097 0.0051509810 0.9999848730 -0.2809502981
0.9999865923 -0.0047171971 0.0021361625 0.3451516678 0.0047270480 0.9999781080 -0.0046301755 0.4752697681 -0.0021142742 0.0046402111 0.9999869991 -0.2866813899
0.9999868017 -0.0047059973 0.0020615695 0.3542965824 0.0047147964 0.9999797075 -0.0042842984 0.5237793465 -0.0020413658 0.0042939618 0.9999886973 -0.2880357709
0.9999911760 -0.0036465513 0.0020858045 0.3939823673 0.0036545080 0.9999860119 -0.0038236963 0.5847363043 -0.0020718320 0.0038312851 0.9999905143 -0.3004851538
0.9999945802 -0.0032791858 0.0002941175 0.4086787786 0.0032805484 0.9999832950 -0.0047589673 0.5764660779 -0.0002785070 0.0047599064 0.9999886328 -0.3313058148
0.9999926095 -0.0038382849 0.0002201389 0.4202835973 0.0038391836 0.9999836473 -0.0042386014 0.5547233880 -0.0002038664 0.0042394153 0.9999909929 -0.3152557224
